#bestFitness averageFitness averageUsedGeneLength time invalids varFitness aveLength aveDerivationTreeDepth SlopeMutRate
12.532372479999985 764.0587368286812 14.131868131868131 1139 36 7194812.899255886 200.0 4.032967032967033 0.0
12.532372479999985 450.3501775292622 11.96 622 0 23371.48874484448 200.0 3.8025 0.0
12.532372479999985 383.08730191320456 11.84 188 0 21968.54976289258 200.0 3.88 0.0
0.742932480000001 314.74801878573317 13.32 156 0 27477.00866498684 200.0 4.325 0.0
0.742932480000001 235.81178257404713 17.58 225 0 27845.40711130706 200.0 5.1525 0.0
0.742932480000001 197.68612139809647 21.81 127 0 47146.81220101799 200.0 5.8025 0.01
0.742932480000001 146.263559644975 21.19 156 0 34345.90289751441 200.0 5.9225 0.01
0.742932480000001 105.81537484659012 20.68 110 0 27091.070025148005 200.0 5.9925 0.01
0.742932480000001 98.6083526082062 21.1 147 0 47848.39795279423 200.0 6.0275 0.02
0.742932480000001 67.81986866408896 21.9 138 0 20001.767765644992 200.0 6.2275 0.03
0.742932480000001 71.6048479471594 22.57 106 0 25158.85590678789 200.0 6.34 0.04
0.742932480000001 72.83418025174363 23.34 88 0 25727.82962433227 200.0 6.5025 0.05
0.742932480000001 74.43313567387085 23.38 110 0 23051.18580129323 200.0 6.5075 0.060000000000000005
0.742932480000001 79.50997874519261 24.98 78 0 27786.45919073035 200.0 6.72 0.07
0.742932480000001 76.08205055718658 25.42 92 0 23330.68793698543 200.0 6.7875 0.08
0.742932480000001 65.93241596026957 25.92 93 0 18161.94830156285 200.0 6.8425 0.09
0.742932480000001 65.64918251682181 26.34 133 0 23792.282798114004 200.0 6.8925 0.09999999999999999
0.742932480000001 62.44513740944091 25.0 90 0 19228.4968851583 200.0 6.725 0.10999999999999999
0.742932480000001 44.85319656636271 26.29 73 0 13952.888495691705 200.0 6.9375 0.11999999999999998
0.742932480000001 43.87040265842841 25.72 67 0 13448.525686380859 200.0 6.8825 0.12999999999999998
0.742932480000001 55.09917375938089 26.8 71 0 20805.553744740282 200.0 6.98 0.13999999999999999
0.742932480000001 44.73409206030061 25.8 52 0 13845.025874586076 200.0 6.8675 0.15
0.742932480000001 53.127315807889794 26.3 61 0 15845.048696685166 200.0 6.95 0.16
0.742932480000001 62.0175719426762 25.68 83 0 18120.21882183629 200.0 6.8425 0.17
0.742932480000001 58.46261994059403 26.33 54 0 20676.047865285975 200.0 6.9025 0.18000000000000002
0.7429324800000008 53.4006133025736 26.19 51 0 16188.895453562844 200.0 6.905 0.19000000000000003
0.7429324800000008 90.10212720156254 25.92 68 0 43824.0239392029 200.0 6.8375 0.01
0.7429324800000008 70.94723787942833 26.09 61 0 30927.688012532784 200.0 6.8525 0.01
0.7429324800000008 68.54242831174386 26.18 80 0 26296.078881829606 200.0 6.81 0.01
0.7429324800000008 66.17358526327536 26.8 75 0 21346.479026255907 200.0 6.9325 0.01
0.7429324800000008 51.509057290116345 27.66 110 0 16092.839256370717 200.0 7.06 0.02
0.7429324800000008 119.20241427230226 28.46 115 0 157367.53234579592 200.0 7.14 0.03
0.7429324800000008 75.28085372569686 29.51 108 0 35497.615379279654 200.0 7.2925 0.04
0.7429324800000008 90.29128528021678 29.9 86 0 77112.32800721929 200.0 7.3525 0.05
0.7429324800000008 100.77528236596326 29.83 77 0 78761.58831980161 200.0 7.3475 0.060000000000000005
0.7429324800000008 242.97208431961516 30.34 75 0 1400300.6196391827 200.0 7.4325 0.07
0.7429324800000008 105.63721302269336 31.2 71 0 136286.2526178356 200.0 7.5325 0.08
0.7429324800000008 157.89148353528023 32.3 124 0 368340.4536613248 200.0 7.6875 0.09
0.7429324800000008 319.7973972892959 32.49 109 0 2860221.539974842 200.0 7.7175 0.09999999999999999
0.7429324800000008 124.39005176504752 32.54 51 0 235771.45565090879 200.0 7.7425 0.10999999999999999
0.7429324800000008 206.0350390699767 32.78 94 0 1252323.68832995 200.0 7.7725 0.11999999999999998
0.7429324800000008 136.4350816735656 33.6 63 0 198112.00180290043 200.0 7.825 0.12999999999999998
0.7429324800000008 151.4457675948691 32.79 61 0 258545.69741829843 200.0 7.705 0.13999999999999999
0.7429324800000008 335.93389237039247 35.27 80 0 3554047.7341335686 200.0 8.0325 0.15
0.7429324800000008 655.6285638287288 34.23 86 0 8062504.424438552 200.0 7.9075 0.16
0.7429324800000008 576.2514283357891 34.94 196 0 6353243.938850114 200.0 7.9375 0.17
0.7429324800000008 405.4050806658982 34.54 61 0 3571255.8833970814 200.0 7.89 0.18000000000000002
0.7429324800000008 106.88658987324868 34.14 72 0 162343.935445604 200.0 7.8175 0.19000000000000003
0.7429324800000008 502.6783440559476 34.87 86 0 4903868.436126705 200.0 7.9625 0.20000000000000004
0.7429324800000008 238.76489999690537 33.17 89 0 1651760.4809389466 200.0 7.8075 0.21000000000000005
0.7429324800000008 121.18740303608094 33.67 81 0 142793.57586360432 200.0 7.805 0.22000000000000006
0.7429324800000008 131.0445375517727 33.22 79 0 283614.1044993518 200.0 7.76 0.23000000000000007
0.7429324800000008 159.1185671803305 33.86 77 0 343945.1460169838 200.0 7.845 0.24000000000000007
0.7429324800000008 292.1031900852694 33.63 50 0 1959501.320384436 200.0 7.8225 0.25000000000000006
0.7429324800000008 72.50897142694137 33.16 50 0 25939.30007411076 200.0 7.765 0.26000000000000006
0.7429324800000008 88.40548231289813 32.44 52 0 95815.12315453908 200.0 7.72 0.2700000000000001
0.7429324800000008 168.27131148443186 33.3 51 0 352587.1693802793 200.0 7.75 0.2800000000000001
0.7429324800000008 71.92009798296546 32.41 48 0 31008.448412034893 200.0 7.6875 0.2900000000000001
0.7429324800000008 346.6543599700102 33.31 58 0 3281097.47590681 200.0 7.805 0.3000000000000001
0.7429324800000008 659.8575374053976 33.8 47 0 7276516.022792059 200.0 7.8475 0.3100000000000001
0.7429324800000008 239.91499952768666 34.53 60 0 1434419.9499332989 200.0 7.8875 0.3200000000000001
0.7429324800000008 133.6423834442608 33.68 52 0 250524.0498885751 200.0 7.855 0.3300000000000001
0.7429324800000008 527.5219179549251 34.1 50 0 4845653.855904118 200.0 7.905 0.34000000000000014
0.7429324800000008 385.9116368544809 34.41 46 0 2962921.2182970904 200.0 7.9225 0.35000000000000014
0.7429324800000008 189.92854603570282 33.82 39 0 726058.7755844905 200.0 7.855 0.36000000000000015
0.7429324800000008 182.14218094721974 33.99 116 0 795409.8689390837 200.0 7.9075 0.37000000000000016
0.7429324800000008 103.90259685887148 33.67 53 0 146939.7866091413 200.0 7.8875 0.38000000000000017
0.7429324800000008 81.68162940550873 33.85 30 0 104382.43947684806 200.0 7.9375 0.3900000000000002
0.7429324800000008 107.24712282489389 33.62 32 0 131040.88815980662 200.0 7.865 0.4000000000000002
0.7429324800000008 151.06369637314378 34.68 74 0 409572.31610809284 200.0 7.935 0.4100000000000002
0.7429324800000008 132.85179702654062 33.53 50 0 230615.19093920925 200.0 7.8225 0.4200000000000002
0.7429324800000008 120.21306777699664 33.75 54 0 253495.5251388781 200.0 7.8525 0.4300000000000002
0.7429324800000008 157.43811353244132 33.34 34 0 377956.3435860364 200.0 7.7825 0.4400000000000002
0.7429324800000008 410.2162885084259 34.04 55 0 4432988.94171639 200.0 7.925 0.45000000000000023
0.7429324800000008 369.68005477891944 34.57 52 0 3853623.268917725 200.0 7.9475 0.46000000000000024
0.7429324800000008 221.83235080715548 34.37 38 0 706017.2443623163 200.0 7.91 0.47000000000000025
0.7429324800000008 78.14812245456761 33.93 43 0 55248.395094394364 200.0 7.905 0.48000000000000026
0.7429324800000008 64.75420680931238 33.72 27 0 25363.904322150276 200.0 7.8575 0.49000000000000027
0.7429324800000008 302.44784602241276 34.46 58 0 2134450.430903648 200.0 8.0125 0.5000000000000002
0.7429324800000008 126.43553820605648 34.15 73 0 177975.93700946352 200.0 7.89 0.5100000000000002
0.7429324800000008 60.916509496108574 33.19 85 0 27938.06967859095 200.0 7.8075 0.5200000000000002
0.7429324800000008 198.8936974316313 33.53 73 0 775604.8320342505 200.0 7.8375 0.5300000000000002
0.7429324800000008 260.78503283913665 34.22 57 0 1695745.190719238 200.0 7.88 0.5400000000000003
0.7429324800000008 372.6563227357659 33.17 81 0 3155147.9770830353 200.0 7.7925 0.5500000000000003
0.7429324800000008 302.4158067473918 33.42 33 0 2728148.895219754 200.0 7.785 0.5600000000000003
0.7429324800000008 258.9901455569727 33.5 32 0 1952325.7313414714 200.0 7.8 0.5700000000000003
0.7429324800000008 261.97979086528636 33.37 51 0 2049982.9428233781 200.0 7.8425 0.5800000000000003
0.7429324800000008 130.38985729481826 33.3 34 0 235104.99164796356 200.0 7.8 0.5900000000000003
0.7429324800000008 244.84048849680062 33.62 32 0 1108526.3742199831 200.0 7.86 0.6000000000000003
0.7429324800000008 115.7240177450932 33.22 37 0 139478.47080303126 200.0 7.8425 0.6100000000000003
0.7429324800000008 141.99499097011483 32.93 28 0 430327.3409432526 200.0 7.8 0.6200000000000003
0.7429324800000008 114.5550358358731 33.51 37 0 341712.44912934746 200.0 7.8275 0.6300000000000003
0.7429324800000008 156.97915910831952 33.9 43 0 254256.73143410575 200.0 7.84 0.6400000000000003
0.7429324800000008 67.9157857761965 33.97 43 0 23759.75584935339 200.0 7.855 0.6500000000000004
0.7429324800000008 67.42958008559125 33.14 51 0 29468.56749620651 200.0 7.84 0.6600000000000004
0.7429324800000008 160.87200346344426 32.81 66 0 314977.0738497483 200.0 7.8175 0.6700000000000004
0.7429324800000008 221.25388771182534 33.32 35 0 1625105.5044986662 200.0 7.84 0.6800000000000004
0.7429324800000008 152.27351959820425 34.33 42 0 517828.1992952736 200.0 7.9275 0.6900000000000004
0.7429324800000008 498.13798415069084 34.29 42 0 5182557.252674869 200.0 7.895 0.7000000000000004
0.7429324800000008 183.02292622106717 33.6 40 0 1575629.1817177504 200.0 7.8275 0.7100000000000004
0.7429324800000008 154.47409004567325 33.94 42 0 470173.414048692 200.0 7.8675 0.7200000000000004
