#bestFitness averageFitness averageUsedGeneLength time invalids varFitness aveLength aveDerivationTreeDepth SlopeMutRate
5.394772480000002 2708.0132057565315 14.449197860962567 1175 26 6.434059717245064E8 200.0 3.9679144385026737 0.0
5.394772480000002 449.4441257741565 10.63 513 0 22165.62950233099 200.0 3.44 0.0
5.394772480000002 377.96782125034906 10.06 178 0 20998.327196516664 200.0 3.48 0.0
5.394772480000002 324.73934595045716 13.88 210 0 35466.32017950901 200.0 4.1725 0.0
5.394772480000002 266.71644533758064 18.46 253 0 31835.626479278075 200.0 5.055 0.0
4.0250701788964545 212.60497901268195 20.38 212 0 53844.234160801985 200.0 5.3 0.01
4.0250701788964545 189.509329688507 22.54 170 0 83496.06316303216 200.0 5.6825 0.01
4.0250701788964545 289.539069721444 25.58690176322418 135 3 1509748.0856200883 200.0 6.047858942065491 0.01
4.0250701788964545 344.9657065816971 27.29620253164557 240 5 2333483.2721023136 200.0 6.215189873417722 0.01
4.0250701788964545 15071.054045499479 32.11586901763224 136 3 7.119077432414969E10 200.0 6.828715365239295 0.01
1.8401154318446702 58831.059541228264 35.815384615384616 151 10 1.273918007890577E12 200.0 7.425641025641026 0.02
1.8401154318446702 5300.7557975254695 38.53403141361257 127 18 6.452376411624728E9 200.0 7.722513089005235 0.01
1.8401154318446702 153724.96620435588 41.94832041343669 303 13 8.798516038297453E12 200.0 8.147286821705427 0.01
1.8401154318446702 15452.114105995863 40.005115089514064 137 9 6.7580874250813896E10 200.0 7.813299232736573 0.01
1.8401154318446702 38853.54568852782 36.65984654731458 118 9 5.517629081726807E11 200.0 7.5115089514066495 0.01
1.8401154318446702 133753.49421045423 42.330827067669176 154 1 5.11263486919554E12 200.0 8.020050125313283 0.02
1.8401154318446702 44069.01327186072 40.16161616161616 94 4 3.6737056095327966E11 200.0 7.71969696969697 0.03
1.8401154318446702 151757.36835435388 41.81395348837209 206 13 6.182590294965116E12 200.0 7.912144702842378 0.04
1.8401154318446702 14310.270702773501 43.52820512820513 113 10 3.280318238684663E10 200.0 8.074358974358974 0.05
1.8401154318446702 2958.527426645587 40.80306905370844 103 9 8.382930973037257E8 200.0 7.828644501278772 0.060000000000000005
1.8401154318446702 1031.6012797103892 45.0 119 0 3.1840569782894973E7 200.0 8.4 0.07
1.8401154318446702 20749.47624771815 41.005076142131976 128 6 1.5560355431788016E11 200.0 7.865482233502538 0.08
1.8401154318446702 44972.93061025606 44.08121827411168 92 6 3.439508291577347E11 200.0 8.154822335025381 0.09
1.8401154318446702 18539.265615947563 41.406649616368284 100 9 5.8906838775028206E10 200.0 7.675191815856778 0.09999999999999999
1.8401154318446702 173160.09152191711 44.3248730964467 90 6 6.384000255820401E12 200.0 7.83248730964467 0.10999999999999999
1.8401154318446702 461.6207128640056 41.85 197 0 3030189.596143537 200.0 7.545 0.11999999999999998
1.8401154318446702 11762.331128067248 44.29441624365482 141 6 2.8152467907434643E10 200.0 7.807106598984771 0.12999999999999998
1.8401154318446702 326.44583623708945 43.96 73 0 808362.92545202 200.0 7.825 0.13999999999999999
1.8401154318446702 825.5341166780526 44.05 83 0 1.6196651151250558E7 200.0 7.735 0.15
1.8401154318446702 1199.3917501883461 40.93 73 0 7.235608091439886E7 200.0 7.4075 0.16
1.8401154318446702 2892.4393479632063 40.68 71 0 1.835958422993719E9 200.0 7.4025 0.17
1.8401154318446702 10603.11804183226 42.88 170 0 2.3873603081306896E10 200.0 7.575 0.18000000000000002
1.8401154318446702 5514.102422226223 44.16 73 0 4.1921398485794024E9 200.0 7.7775 0.19000000000000003
1.4792554987257178 388.99481620771934 41.1 65 0 893178.1312370506 200.0 7.5 0.20000000000000004
1.4792554987257178 371.2640068069491 41.34 63 0 1043997.3341189915 200.0 7.49 0.01
1.4792554987257178 1751.6127610489157 43.93 73 0 1.4358785278104514E8 200.0 7.7575 0.01
1.0578483833737073 269.4053274008015 42.49 58 0 613680.0068677657 200.0 7.565 0.01
1.0578483833737073 713.9326956198612 45.79 112 0 6966694.790217639 200.0 7.9675 0.01
1.0578483833737073 915.0307304431041 42.82 137 0 3.69999178279576E7 200.0 7.665 0.01
1.0578483833737073 360.53676109650917 40.34 81 0 1138998.1785757246 200.0 7.4175 0.01
1.0578483833737073 9142.912582754412 43.56565656565657 69 4 7.782234631735048E9 200.0 7.659090909090909 0.01
1.0578483833737073 699.2204772454593 44.08 68 0 1.52945368401528E7 200.0 7.7025 0.02
1.0578483833737073 1074.7806832633153 44.98 75 0 2.8670786839452073E7 200.0 7.7625 0.03
0.6536396559408694 9224.845995030135 42.22055137844612 53 1 2.8940098005823353E10 200.0 7.476190476190476 0.04
0.6536396559408694 796.3619592417289 45.47 67 0 1.981915367474197E7 200.0 7.9225 0.01
0.6536396559408694 284.7797811953057 39.87 52 0 323418.638401688 200.0 7.31 0.01
0.6536396559408694 238.41130438326294 42.79 72 0 245019.8129778526 200.0 7.58 0.01
0.6536396559408694 384.005248392 43.59 82 0 985224.6984099176 200.0 7.7025 0.01
0.6536396559408694 558.001447446838 46.3 72 0 5039414.214485125 200.0 8.14 0.02
0.6536396559408694 417.4652278487871 48.37 63 0 2050040.045695371 200.0 8.3375 0.03
0.6536396559408694 595.0007340822842 43.88 61 0 8926811.424222974 200.0 7.79 0.04
0.6536396559408694 2777.602473881368 42.92 55 0 1.1860771174838023E9 200.0 7.72 0.05
0.6536396559408694 401.1602690727734 41.98 79 0 1349931.393744256 200.0 7.615 0.060000000000000005
0.6536396559408694 400.12335700016973 42.11 109 0 1210649.559834885 200.0 7.6275 0.07
0.6536396559408694 243.21309519720714 39.74 101 0 167161.22542115164 200.0 7.355 0.08
0.6536396559408694 315.90227053281683 40.64 55 0 740091.2989338966 200.0 7.4475 0.09
0.6536396559408694 366.7465071374192 40.14 59 0 990260.6628230001 200.0 7.5625 0.09999999999999999
0.6536396559408694 368.633272824355 42.43 58 0 960480.3916640743 200.0 7.735 0.10999999999999999
0.6536396559408694 439.68178447987503 43.08 69 0 2134469.1248961156 200.0 7.8575 0.11999999999999998
0.6536396559408694 3839.25541228998 45.7984886649874 57 3 1.4215939475327141E9 200.0 8.193954659949622 0.12999999999999998
0.6536396559408694 342.02536362519197 44.23 64 0 728278.856241473 200.0 8.015 0.13999999999999999
0.6536396559408694 1862.4556110018232 46.22 66 0 3.772375508199722E8 200.0 8.195 0.15
0.6536396559408694 8443.320991820014 46.85858585858586 86 4 1.0108228815246824E10 200.0 8.345959595959595 0.16
0.6536396559408694 352.91376541968145 43.19 51 0 804351.521687045 200.0 7.935 0.17
0.6239638805747185 416.0914068090876 44.95 77 0 1252390.5225840479 200.0 8.2475 0.18000000000000002
0.6239638805747185 1163.3932847378098 45.14 69 0 5.212915319174896E7 200.0 8.3025 0.01
0.6239638805747185 7847.202389797578 44.15 67 0 1.9069958346070713E10 200.0 8.12 0.01
0.6239638805747185 5373.860003443918 44.54911838790932 56 3 3.6887203040049925E9 200.0 8.158690176322418 0.01
0.6239638805747185 703.3931633941236 42.66 66 0 5744804.895249543 200.0 7.985 0.01
0.5913066101609463 399.07892571606055 44.34 66 0 1040303.3109650083 200.0 8.16 0.02
0.5913066101609463 15171.074037210004 46.93 75 0 5.578585581824366E10 200.0 8.355 0.01
0.5913066101609463 712.7401745956711 46.78787878787879 101 4 8539569.98131496 200.0 8.356060606060606 0.01
0.5913066101609463 907.9996487626361 45.4 63 0 1.2857921600320257E7 200.0 8.3125 0.01
0.5913066101609463 666.5820941844603 45.67 62 0 6497725.100728486 200.0 8.3425 0.01
0.5913066101609463 7642.282674427346 51.876288659793815 92 12 1.3347298166618494E10 200.0 9.121134020618557 0.02
0.5913066101609463 46270.524370454994 48.99236641221374 76 7 4.5492488379917224E11 200.0 8.740458015267176 0.03
0.5913066101609463 14539.153622386872 47.92929292929293 79 4 3.405607371902126E10 200.0 8.54040404040404 0.04
0.5913066101609463 5866.710767468237 50.0 115 0 4.903588186193002E9 200.0 8.9275 0.05
0.5913066101609463 91298.97407655533 50.27 127 0 1.8906715496441953E12 200.0 8.885 0.060000000000000005
0.5913066101609463 6089.996446341368 49.32832080200501 106 1 3.325967748888808E9 200.0 8.659147869674186 0.07
0.5913066101609463 1373.2091041872989 50.72 142 0 5.136041837064407E7 200.0 8.9075 0.08
0.5913066101609463 20451.997653272898 49.23857868020305 88 6 1.027541530494156E11 200.0 8.682741116751268 0.09
0.5913066101609463 2395.3199781883936 48.225563909774436 81 1 5.1819824464330643E8 200.0 8.578947368421053 0.09999999999999999
0.5913066101609463 293.8445739485316 43.46 70 0 537551.1561353839 200.0 7.965 0.10999999999999999
0.5913066101609463 409.6493371641103 45.05 61 0 1170113.6214711673 200.0 8.1375 0.11999999999999998
0.5913066101609463 29132.25648707594 46.78391959798995 127 2 2.4010981685498544E11 200.0 8.42964824120603 0.12999999999999998
0.5913066101609463 345.4706406351627 43.02 101 0 611467.9766087328 200.0 8.0 0.13999999999999999
0.5913066101609463 1020.9166539131423 47.34 101 0 6.1284614925319746E7 200.0 8.475 0.15
0.5913066101609463 496.1931072120415 46.03 89 0 2131170.0603275686 200.0 8.3825 0.16
0.5913066101609463 643.7812969134757 47.1 89 0 7795501.680827259 200.0 8.345 0.17
0.5913066101609463 359.03690022237225 44.81 90 0 2126953.1803859305 200.0 8.165 0.18000000000000002
0.5913066101609463 247.85120759590478 43.42 112 0 308453.47190914064 200.0 7.9475 0.19000000000000003
0.5913066101609463 459.66210160290916 44.64 167 0 1504052.0212283486 200.0 8.1525 0.20000000000000004
0.5913066101609463 604.1289370766423 43.21 108 0 2493127.6750973845 200.0 7.99 0.21000000000000005
0.5913066101609463 561.1675016386259 41.25 76 0 3590804.9120876016 200.0 7.7825 0.22000000000000006
0.5913066101609463 412.8680462204427 42.37 86 0 1611276.0356962986 200.0 7.965 0.23000000000000007
0.5123096759280855 1833.405732476136 45.09 162 0 1.3738982456619096E8 200.0 8.2675 0.24000000000000007
0.5123096759280855 538.1778174377707 44.79 118 0 3327561.5951427747 200.0 8.325 0.01
0.5123096759280855 293.9972039150627 44.26 86 0 566626.5190351256 200.0 8.12 0.01
0.5123096759280855 477.02822201817486 47.93 94 0 2365194.592054709 200.0 8.53 0.01
0.5123096759280855 288.82696602016904 47.21 91 0 431114.4561684526 200.0 8.4125 0.01
