#bestFitness averageFitness averageUsedGeneLength time invalids varFitness aveLength aveDerivationTreeDepth SlopeMutRate
34.90421248000005 918.988208249341 19.067385444743934 1203 29 1.038671072501847E7 200.0 4.703504043126685 0.0
32.466772479999975 462.0616706853181 13.69 488 0 22777.82257747088 200.0 3.92 0.0
31.466772479999996 389.61556315678405 13.33 251 0 20727.911064833417 200.0 4.0325 0.0
31.466772479999996 320.65430711841896 14.91 198 0 25020.39386095704 200.0 4.4975 0.0
5.394772480000002 245.4905075055263 16.38 115 0 32880.37679517835 200.0 4.9475 0.0
5.394772480000002 177.5230760991643 15.31 195 0 29867.527833322907 200.0 4.78 0.01
5.394772480000002 110.65521676473422 14.22 110 0 16189.77136096119 200.0 4.685 0.01
5.394772480000002 70.22094158241799 14.59 103 0 8978.65566519464 200.0 4.78 0.01
5.394772480000002 64.24508544714314 14.79 91 0 12094.371478585479 200.0 4.8475 0.01
5.394772480000002 65.80032024432637 16.68 95 0 12563.704685853281 200.0 5.31 0.02
5.394772480000002 75.95036180265016 17.99 149 0 22052.845237441343 200.0 5.6975 0.03
5.394772480000002 93.84329745642967 18.96 63 0 33273.079523418244 200.0 6.0 0.04
5.394772480000002 72.82973864425755 20.89 111 0 23499.859740744945 200.0 6.535 0.05
5.394772480000002 88.45955412528077 21.67 50 0 34222.71479692381 200.0 6.805 0.060000000000000005
5.394772480000002 116.02353669600132 22.99 91 0 53508.59009647197 200.0 7.1575 0.07
5.394772480000002 96.2099828097922 24.55 106 0 38238.893526317755 200.0 7.53 0.08
3.29269247999999 82.85390776723175 24.93 75 0 29725.252201766263 200.0 7.635 0.09
3.29269247999999 76.56391989568148 24.99 64 0 29355.665446089468 200.0 7.6525 0.01
3.29269247999999 69.07716808732947 25.36 46 0 25631.886841117735 200.0 7.7325 0.01
3.29269247999999 73.7216149896171 25.54 73 0 28872.143595861 200.0 7.795 0.01
3.29269247999999 79.4595645011646 25.64 87 0 26791.699958564095 200.0 7.71 0.01
3.29269247999999 96.54635395588338 25.37 47 0 37197.10375676037 200.0 7.59 0.02
3.29269247999999 80.3763176384728 25.53 71 0 31460.316867083875 200.0 7.555 0.03
3.29269247999999 96.16147044486374 26.12 62 0 42704.85184514427 200.0 7.3975 0.04
3.29269247999999 95.74457715158036 25.86 139 0 40865.476288300444 200.0 7.21 0.05
3.29269247999999 102.43257894111355 26.99 60 0 39554.09668692198 200.0 7.2875 0.060000000000000005
3.29269247999999 86.07151418410527 27.66 73 0 29699.265136349783 200.0 7.17 0.07
3.29269247999999 103.89075408897158 27.8 57 0 36082.75866098376 200.0 6.9625 0.08
3.29269247999999 114.89037713785419 27.75 51 0 44503.64443389803 200.0 6.9325 0.09
3.29269247999999 110.18429063598846 27.79 54 0 42352.45200530178 200.0 6.735 0.09999999999999999
3.29269247999999 93.79308712876573 27.93 42 0 34126.4176581634 200.0 6.7425 0.10999999999999999
3.29269247999999 94.48246077156574 28.95 57 0 32151.772400196154 200.0 6.8725 0.11999999999999998
3.29269247999999 146.87039305176634 27.77 76 0 77186.62776786282 200.0 6.675 0.12999999999999998
3.29269247999999 121.98454636194091 27.89 64 0 44904.29877895733 200.0 6.735 0.13999999999999999
3.29269247999999 102.74780139665386 28.42 67 0 39097.65996183737 200.0 6.7925 0.15
3.29269247999999 89.75705865878335 28.3 60 0 32428.07496534743 200.0 6.8025 0.16
3.29269247999999 111.66521897154138 27.85 78 0 43572.12215767993 200.0 6.7225 0.17
3.29269247999999 99.1941634784439 28.67 72 0 36549.58950890402 200.0 6.8925 0.18000000000000002
3.29269247999999 109.7162951080334 28.49 38 0 41140.81860994531 200.0 6.87 0.19000000000000003
3.29269247999999 90.29234281081314 29.1 74 0 33269.581755298146 200.0 6.8925 0.20000000000000004
3.29269247999999 108.04173554121168 28.79 87 0 43083.36978590399 200.0 6.8475 0.21000000000000005
3.210991852729194 109.05578904791894 29.18 55 0 44929.03221076661 200.0 6.9475 0.22000000000000006
3.210991852729194 94.92502639250465 28.92 50 0 34099.60869162175 200.0 6.9375 0.01
3.210991852729194 110.97660483210346 29.12 74 0 45020.64005174684 200.0 6.9525 0.01
3.210991852729194 124.29196835222177 29.62 152 0 49648.946891296684 200.0 7.0625 0.01
3.210991852729194 159.88923193774022 29.65 89 0 97405.45232678825 200.0 7.0425 0.01
3.1549615205826744 112.55363979381684 30.11 49 0 42939.2075285235 200.0 7.065 0.02
3.1549615205826744 128.65651715539383 31.34 39 0 63027.86252419594 200.0 7.2775 0.01
3.1549615205826744 115.91100521771543 30.21 64 0 46383.72998009486 200.0 7.1025 0.01
3.1549615205826744 105.56484941930786 32.3 57 0 35887.08726048267 200.0 7.4625 0.01
3.1549615205826744 112.83999031786172 32.79 58 0 45304.0238268531 200.0 7.535 0.01
1.4006000588885814 132.27015627298056 34.95 46 0 61562.59663304426 200.0 7.8775 0.02
1.4006000588885814 159.62345367277857 35.44 85 0 80321.90240699144 200.0 8.025 0.01
1.066497351598261 187.63270327583763 36.52 62 0 122145.44294267053 200.0 8.1 0.01
1.066497351598261 169.42538333336503 35.72 95 0 104873.19519183594 200.0 7.985 0.01
1.066497351598261 211.91074626560916 37.14 104 0 152767.16480724304 200.0 8.2 0.01
1.066497351598261 185.89996698727504 36.23 98 0 84450.27625603454 200.0 8.0975 0.01
1.066497351598261 181.78549106955336 38.4 74 0 107750.99182756245 200.0 8.3875 0.01
1.066497351598261 252.1161211135608 41.26 104 0 226038.1359981174 200.0 8.79 0.02
1.066497351598261 211.12488293914075 38.98 106 0 214481.12198804613 200.0 8.44 0.03
1.066497351598261 208.6176226527986 39.39 124 0 144123.3486173596 200.0 8.4375 0.04
1.066497351598261 176.1051951419582 39.4 122 0 113003.68413051894 200.0 8.37 0.05
1.066497351598261 206.96257291578115 39.74 112 0 164142.94109996952 200.0 8.4475 0.060000000000000005
1.066497351598261 219.712745904456 40.8 81 0 157196.88502169822 200.0 8.6775 0.07
1.066497351598261 214.28109965967786 38.86 58 0 117589.97788428863 200.0 8.3625 0.08
1.066497351598261 222.2791509390705 41.04 55 0 245654.46010533543 200.0 8.74 0.09
1.066497351598261 231.43887885232806 41.26 58 0 180403.6822806286 200.0 8.7075 0.09999999999999999
1.066497351598261 196.87230650930402 41.7 87 0 87065.38925579695 200.0 8.675 0.10999999999999999
1.066497351598261 192.87004476167883 39.43 62 0 111120.03801447866 200.0 8.36 0.11999999999999998
1.066497351598261 227.44843920805545 41.25 70 0 258303.9665952426 200.0 8.625 0.12999999999999998
1.0664973515982608 186.76997353559952 41.74 61 0 97118.49590381075 200.0 8.665 0.13999999999999999
1.0664973515982608 199.08133365395864 42.21 155 0 127335.01357013725 200.0 8.755 0.01
1.0664973515982608 257.0086862001817 43.84 73 0 237961.9518786852 200.0 8.9975 0.01
1.0664973515982608 266.82326551908443 44.91 52 0 301867.6725486706 200.0 9.1475 0.01
1.0664973515982608 195.51112621563928 44.71 60 0 103695.48707780153 200.0 9.21 0.01
1.0664973515982608 206.97301537389262 42.79 70 0 96882.44346127314 200.0 8.9175 0.02
0.8951967380376941 335.0524006698443 44.48 97 0 446005.18079187686 200.0 9.1925 0.03
0.8951967380376941 258.53119972086887 43.07 69 0 148310.1218177648 200.0 8.9275 0.01
0.8951967380376941 269.91942919681236 42.59 75 0 254654.52105439358 200.0 8.8675 0.01
0.8951967380376941 343.92118480898694 45.11 109 0 569883.1892128736 200.0 9.1975 0.01
0.8951967380376941 222.8189446551121 43.09 99 0 135901.5983071815 200.0 8.95 0.01
0.8951967380376941 265.0735598732592 42.94 120 0 284241.82171551377 200.0 8.92 0.02
0.8951967380376941 390.6976600348495 44.34 94 0 569581.5878812051 200.0 9.0675 0.03
0.8951967380376941 225.26877396303334 42.45 75 0 95924.85655833088 200.0 8.8525 0.04
0.8951967380376941 205.15072389117685 42.91 62 0 103579.21903962783 200.0 8.8075 0.05
0.8951967380376941 344.4869488754238 43.96 60 0 589893.3941881777 200.0 8.88 0.060000000000000005
0.895196738037692 269.9584284918591 42.94 73 0 157497.31741462098 200.0 8.6975 0.07
0.895196738037692 341.83343999141294 41.23 67 0 531652.9215294919 200.0 8.415 0.01
0.895196738037692 275.39968157122917 40.0 58 0 254386.46168568198 200.0 8.265 0.01
0.895196738037692 306.81937691894245 40.63 57 0 456885.87308408 200.0 8.2725 0.01
0.895196738037692 210.3041148212762 40.25 109 0 155333.34318937242 200.0 8.2 0.01
0.895196738037692 250.24981910949754 40.09 60 0 243506.5637688828 200.0 8.14 0.02
0.895196738037692 235.8812317379883 41.37 60 0 238160.26549430907 200.0 8.2725 0.03
0.895196738037692 187.4436152236505 39.21 56 0 116430.72424099516 200.0 7.9175 0.04
0.895196738037692 191.37030689257364 36.52 44 0 166642.43430106042 200.0 7.5975 0.05
0.895196738037692 182.87384253033161 38.46 47 0 135382.49461925545 200.0 7.87 0.060000000000000005
0.895196738037692 188.04572393083242 36.13 42 0 172966.03170285598 200.0 7.52 0.07
0.895196738037692 207.90760724169246 37.32 43 0 168447.83592410706 200.0 7.7025 0.08
0.895196738037692 178.08607389180509 37.16 38 0 169558.4239758232 200.0 7.6925 0.09
0.895196738037692 200.3765709962727 37.72 40 0 139955.6265388164 200.0 7.705 0.09999999999999999
0.895196738037692 166.32422677301315 35.14 44 0 98784.01872083865 200.0 7.3725 0.10999999999999999
