#bestFitness averageFitness averageUsedGeneLength time invalids varFitness aveLength aveDerivationTreeDepth SlopeMutRate
28.69877248000003 887.887391893038 14.577777777777778 1214 40 1.4566447662556145E7 200.0 4.008333333333334 0.0
15.389332480000032 469.501853809641 9.04 617 0 19943.004109136058 200.0 3.3525 0.0
15.389332480000029 396.5227046443303 8.06 113 0 20514.50909909385 200.0 3.2425 0.0
15.389332480000029 326.983440638041 10.8 196 0 23183.308220394287 200.0 3.81 0.0
7.179412480000003 256.0629718173813 14.51 187 0 26985.915107206805 200.0 4.48 0.0
7.179412480000003 199.71717642400705 19.11 194 0 26462.637408100803 200.0 5.27 0.01
5.77621248000001 163.1465934588417 20.34 263 0 28540.41776137091 200.0 5.5575 0.01
5.77621248000001 107.7220111126707 22.33 141 0 17538.41529894476 200.0 5.905 0.01
5.77621248000001 110.56518767474165 24.46 173 0 32637.312113704927 200.0 6.285 0.01
5.77621248000001 125.8334951504074 26.05 230 0 63167.43161024925 200.0 6.5625 0.01
5.77621248000001 106.81315467303854 26.82 84 0 47368.74160627489 200.0 6.83 0.01
5.7762124799999865 119.94379336934588 27.47 104 0 106723.56876541376 200.0 6.885 0.02
5.7762124799999865 83.66523777517196 28.42 148 0 25224.756655680932 200.0 7.1075 0.01
5.7762124799999865 75.18392302107594 29.64 96 0 19566.75620555431 200.0 7.305 0.01
5.7762124799999865 69.59652321025571 33.24 151 0 22768.84216559905 200.0 7.93 0.01
5.7762124799999865 71.28831789429125 32.42 150 0 21597.642558023304 200.0 7.9125 0.01
5.7762124799999865 100.47893907488233 30.81 141 0 507729.10000950284 200.0 7.705 0.02
5.7762124799999865 635.8963352199336 31.844611528822057 102 1 5.750136072998188E7 200.0 7.857142857142857 0.03
5.7762124799999865 206.01842515800962 32.61 130 0 2147895.974507359 200.0 7.9375 0.04
5.7762124799999865 90.31987037984098 30.42 76 0 68750.75138438652 200.0 7.6825 0.05
5.7762124799999865 92.59624799360067 30.83 77 0 62063.203369560506 200.0 7.605 0.060000000000000005
5.7762124799999865 91.72833985306914 32.42 143 0 60176.95343071772 200.0 7.8075 0.07
2.3522610557312054 1516.420699578094 33.778894472361806 60 2 2.851970806340286E8 200.0 7.907035175879397 0.08
2.3522610557312054 140.2334415702078 32.86 63 0 640033.4847772955 200.0 7.79 0.01
2.3522610557312054 10350.064979652378 34.31794871794872 129 10 3.661478927650345E10 200.0 7.923076923076923 0.01
2.3522610557312054 31785.925916817145 36.06615776081425 104 7 1.8914741481736304E11 200.0 8.106870229007633 0.01
0.7429324800000008 210.08083606544136 36.46 185 0 796543.3041273692 200.0 8.1775 0.01
0.7429324800000008 9227.01612342581 37.675949367088606 96 5 2.2266821500388508E10 200.0 8.316455696202532 0.01
0.7429324800000008 5960.891043383034 41.29113924050633 62 5 4.268797626344388E9 200.0 8.708860759493671 0.01
0.7429324800000008 58831.234729872194 41.4910941475827 65 7 1.0842277805281906E12 200.0 8.684478371501273 0.01
0.7429324800000008 82507.16692605252 41.326530612244895 91 8 2.604462125834121E12 200.0 8.77295918367347 0.01
0.7429324800000008 1613.185092307993 37.68527918781726 74 6 2.5907673584863886E8 200.0 8.459390862944163 0.02
0.7429324800000008 1328.5234317457912 37.494949494949495 99 4 5.28632207712297E8 200.0 8.573232323232324 0.03
0.7429324800000008 474.5222601571441 38.29015544041451 75 14 1.63903215205609E7 200.0 8.764248704663212 0.04
0.7429324800000008 1037.437050078564 35.16923076923077 53 10 1.5904868366922963E8 200.0 8.366666666666667 0.05
0.7429324800000008 151.5198771171864 33.291666666666664 57 16 455418.6634012263 200.0 8.328125 0.060000000000000005
0.7429324800000008 350.19313911195314 33.35353535353536 50 4 1.0375250203768764E7 200.0 8.482323232323232 0.07
0.7429324800000008 2079.462315783461 35.07142857142857 44 8 1.4466843364616485E9 200.0 8.650510204081632 0.08
0.7429324800000008 102.53975546781253 34.03 108 0 69526.13040985983 200.0 8.4925 0.09
0.7429324800000008 439.20730235367034 34.75452196382429 113 13 1.6904627072747346E7 200.0 8.702842377260982 0.09999999999999999
0.7429324800000008 1374.1062777853701 34.69873417721519 125 5 3.8416056384493345E8 200.0 8.678481012658228 0.10999999999999999
0.7429324799999919 599.9127021870112 34.2015113350126 37 3 4.750621340554183E7 200.0 8.65743073047859 0.11999999999999998
0.7429324799999919 11838.043378197917 35.30632911392405 47 5 4.7634566986955536E10 200.0 8.69620253164557 0.01
0.7429324799999919 562.785526398612 36.73737373737374 72 4 5.7224648315818086E7 200.0 8.886363636363637 0.01
0.7429324799999919 3717.105836425582 37.66 49 0 1.4200365674792423E9 200.0 9.1075 0.01
0.7429324799999919 5250.4942629799825 37.16 111 0 6.57536949519825E9 200.0 8.8825 0.01
0.7429324799999919 5058.80847833169 39.35353535353536 74 4 6.435707423413961E9 200.0 8.954545454545455 0.02
0.7429324799999919 1820.3650924748301 40.45 70 0 3.108621329622373E8 200.0 8.975 0.03
0.7429324799999919 1243.944181762962 42.81218274111675 81 6 2.3210235317130306E8 200.0 9.263959390862944 0.04
0.7429324799999919 1852.4656913139634 40.28140703517588 83 2 4.476253602660046E8 200.0 8.871859296482413 0.05
0.7429324799999919 1295.5836192494144 42.94235588972431 52 1 2.7197871157253945E8 200.0 9.107769423558898 0.060000000000000005
0.7429324799999919 484.683465591262 44.02 77 0 5927711.151329339 200.0 9.0825 0.07
0.7429324799999919 501.2373556785223 49.095477386934675 92 2 5664914.1528615495 200.0 9.532663316582914 0.08
0.7429324799999919 2955.9941955246577 46.47959183673469 88 8 2.0844809242705119E9 200.0 9.23469387755102 0.09
0.7429324799999919 274.1049144746763 46.42 73 0 2355390.446475811 200.0 9.3325 0.09999999999999999
0.7429324799999917 127.99614073766561 45.83 104 0 240327.6404946399 200.0 9.245 0.10999999999999999
0.7429324799999917 62301.324314551435 50.02005012531328 149 1 8.574673357952888E11 200.0 9.483709273182958 0.01
0.7429324799999917 1159.4514731521685 48.86 129 0 9.989683060557751E7 200.0 9.49 0.01
0.7429324799999917 317.2663948470325 46.67 100 0 2337765.744047701 200.0 9.1975 0.01
0.7429324799999917 106676.96777183861 48.24685138539043 71 3 3.4280407471313955E12 200.0 9.357682619647354 0.01
0.7429324799999917 882.8072258506413 49.9 83 0 3.840645604128865E7 200.0 9.4825 0.02
0.7429324799999917 722.9648197514061 50.192893401015226 86 6 1.7125837943977013E7 200.0 9.687817258883248 0.03
0.7429324799999917 511.2901316815363 48.97 92 0 2.7510086035025887E7 200.0 9.52 0.04
0.7429324799999917 607.4069080099521 46.94949494949495 77 4 3.4506959443716966E7 200.0 9.441919191919192 0.05
0.7429324799999917 482.579211583174 50.68020304568528 80 6 8119089.520525358 200.0 9.817258883248732 0.060000000000000005
0.7429324799999917 642.8355828476574 48.23232323232323 66 4 3.4775851383727446E7 200.0 9.727272727272727 0.07
0.7429324799999917 828.5131680871306 48.62 76 0 4.523749136173933E7 200.0 9.815 0.08
0.7429324799999917 191.45702936119687 48.14 85 0 578173.0681687683 200.0 9.775 0.09
0.7429324799999917 202.57491139383313 48.23 75 0 615536.1448278575 200.0 9.8375 0.09999999999999999
0.7429324799999917 32807.09231478531 49.87 73 0 4.0173138713896716E11 200.0 9.9025 0.10999999999999999
0.7429324799999917 144.3160751212091 47.69 64 0 173969.74075281358 200.0 9.94 0.11999999999999998
0.7429324799999917 88.4088817364995 47.64 72 0 39086.07496000449 200.0 9.845 0.12999999999999998
0.7429324799999917 107.16927360324551 48.85 78 0 127096.3418009595 200.0 10.0225 0.13999999999999999
0.7429324799999917 173.66753670737927 49.28 75 0 312228.3118575367 200.0 9.9575 0.15
0.7429324799999917 141.2401601961469 49.03 64 0 146660.54425268297 200.0 10.0125 0.16
0.7429324799999917 97.91671981549993 48.06 126 0 42507.501253352624 200.0 9.94 0.17
0.7429324799999917 352.87102225226613 51.28 80 0 4355627.158645698 200.0 10.165 0.18000000000000002
0.7429324799999917 162.90334257192237 51.4 63 0 265608.2502904064 200.0 10.27 0.19000000000000003
0.7429324799999917 1780.93418452775 53.03 77 0 7.513301988350672E8 200.0 10.445 0.20000000000000004
0.7429324799999917 218.39542999770023 51.76 57 0 559810.6422810622 200.0 10.295 0.21000000000000005
0.7429324799999917 267.2564712036542 52.83 73 0 1048430.2526665309 200.0 10.3925 0.22000000000000006
0.7429324799999917 491.33801647635386 54.70886075949367 70 5 5455081.456671242 200.0 10.529113924050632 0.23000000000000007
0.7429324799999917 1037.0259545165616 52.598984771573605 81 6 8.002714450402719E7 200.0 10.388324873096447 0.24000000000000007
0.7429324799999917 122.11892972772397 50.48 65 0 106362.73384916861 200.0 10.275 0.25000000000000006
0.7429324799999917 142.51488593261175 53.01 65 0 126622.05133307524 200.0 10.5325 0.26000000000000006
0.7429324799999917 363.43968005880896 52.79 72 0 4006380.9119445966 200.0 10.4975 0.2700000000000001
0.7429324799999917 122.07833132082028 52.91 67 0 122556.35309379223 200.0 10.5475 0.2800000000000001
0.7429324799999917 5553.797244309459 55.05263157894737 81 1 5.982043721605977E9 200.0 10.639097744360901 0.2900000000000001
0.7429324799999917 133.53966561881313 54.94 60 0 133276.04749225682 200.0 10.76 0.3000000000000001
0.7429324799999917 489.97424851291663 53.00251889168766 63 3 7826104.61763031 200.0 10.571788413098236 0.3100000000000001
0.7429324799999917 1755.1019810974776 55.96491228070175 84 1 4.6705921916058165E8 200.0 10.766917293233083 0.3200000000000001
0.7429324799999917 489.6378202834489 51.47 55 0 6530105.058187327 200.0 10.4225 0.3300000000000001
0.7429324799999917 132.73275263788247 55.04 83 0 163365.3596880199 200.0 10.59 0.34000000000000014
0.7429324799999917 195.14203115638634 53.31 73 0 363158.72984609805 200.0 10.585 0.35000000000000014
0.5804318248430299 202.58934325479783 53.72 56 0 747833.7678954143 200.0 10.6275 0.36000000000000015
0.5804318248430299 382.51360023431903 54.7 57 0 2486437.2422325294 200.0 10.6075 0.01
0.5804318248430299 331.13307192560825 54.01005025125628 67 2 3408705.962076888 200.0 10.422110552763819 0.01
0.5804318248430299 259.16047600175375 54.22 59 0 1157538.6732739175 200.0 10.41 0.01
0.5804318248430299 177.5100868301775 53.64 64 0 315660.97599266615 200.0 10.455 0.01
0.5804318248430299 680.5025233333555 54.78 67 0 1.2858720079707785E7 200.0 10.4125 0.02
0.5804318248430299 175.12227955455208 52.72 61 0 252685.19981362295 200.0 10.4675 0.03
