#bestFitness averageFitness averageUsedGeneLength time invalids varFitness aveLength aveDerivationTreeDepth SlopeMutRate
48.16757248000002 36743.51796412917 12.775067750677508 1154 31 4.765821830322672E11 200.0 3.8021680216802167 0.0
19.061332480000008 452.4028772036725 8.89 612 0 19970.468367888487 200.0 3.26 0.0
19.061332480000008 391.47063349367437 9.7 152 0 21657.110342517157 200.0 3.4525 0.0
19.061332480000008 295.2448022955029 10.96 150 0 20918.18908155478 200.0 3.85 0.0
15.060490865528443 219.38388910895202 13.79 197 0 18238.954683405842 200.0 4.395 0.0
7.179412479999993 177.0151715953993 15.72 212 0 20475.558362238753 200.0 4.7775 0.01
7.179412479999993 117.16846953009997 16.99 183 0 10794.364814774164 200.0 5.055 0.01
6.068120609525719 118.92809009828616 19.58 153 0 34106.423913376406 200.0 5.4925 0.01
5.25650074494585 92.81882958365803 20.47 161 0 25716.749677198404 200.0 5.635 0.01
5.25650074494585 101.62572430740107 23.66 230 0 93078.46939187922 200.0 6.11 0.01
5.25650074494585 66.93466692923629 23.72 181 0 16128.03296789501 200.0 6.23 0.01
5.25650074494585 63.138781469727526 26.19 125 0 15655.78630680575 200.0 6.5875 0.01
4.791762158812465 77.08731743302637 26.89 188 0 42550.63356866785 200.0 6.6575 0.01
4.791762158812465 47.71264668644815 25.64 118 0 15437.074218830594 200.0 6.54 0.01
3.9870195964625976 55.92869523460756 25.9 114 0 19259.600699069633 200.0 6.6275 0.01
3.9870195964625976 53.422326734908566 26.17 75 0 18375.73065084115 200.0 6.69 0.01
3.9870195964625976 34.95787027266407 28.14 115 0 7972.439193070183 200.0 6.955 0.01
3.8117181577002195 39.13511543632968 29.97 124 0 9750.744266142618 200.0 7.26 0.01
3.8117181577002195 67.33494396317695 32.6 139 0 54218.66173026908 200.0 7.7025 0.01
3.8117181577002195 587.2429274725089 39.13417721518987 109 5 4.594572398878489E7 200.0 8.658227848101266 0.01
2.8454813103731054 697.027710361941 42.525252525252526 128 4 9.713547932664502E7 200.0 9.181818181818182 0.01
2.8454813103731054 212.25225258677483 42.94845360824742 224 12 5175223.963619478 200.0 9.208762886597938 0.01
2.8454813103731054 130.19713732638024 43.21608040201005 118 2 528817.3849358975 200.0 9.248743718592964 0.01
2.8454813103731054 708.3150407580388 43.18181818181818 147 4 4.1234391091935515E7 200.0 9.547979797979798 0.01
2.8454813103731054 117.84777822842354 45.77 234 0 127301.20199433321 200.0 9.885 0.01
2.8454813103731054 174.43442322149622 49.69924812030075 203 1 1233975.0271356066 200.0 10.471177944862156 0.02
2.8454813103731054 118.422287899371 49.19 159 0 194345.9214353245 200.0 10.485 0.03
2.8454813103731054 58.87913677052974 47.76 195 0 22454.709813503116 200.0 10.44 0.04
2.3423192950093052 78.87776830977053 52.21 187 0 48913.923975400394 200.0 11.0325 0.05
2.3423192950093052 76.17235350753455 52.05 170 0 71303.46508882506 200.0 11.09 0.01
2.3423192950093052 153.3961473173332 53.51 155 0 293177.22740918095 200.0 11.2225 0.01
2.3423192950093052 80.29165056260547 50.57 204 0 52801.20904391105 200.0 10.7675 0.01
2.3423192950093052 68.08353461612677 51.15 151 0 27357.644782057283 200.0 10.85 0.01
2.3423192950093052 56.27139339314083 51.42 98 0 26316.15059156717 200.0 10.9425 0.02
2.3423192950093052 60.67864824299354 54.83 120 0 25099.26714227378 200.0 11.32 0.03
2.30834994734501 53.8165244059517 56.24 153 0 24888.472053019857 200.0 11.7675 0.04
2.30834994734501 58.521567596486584 55.38 141 0 23372.19388414685 200.0 11.5925 0.01
2.30834994734501 70.06062535511201 58.63 138 0 35341.16326203081 200.0 11.9825 0.01
2.30834994734501 115.97583000177187 57.34 101 0 129284.48816616632 200.0 11.9025 0.01
2.30834994734501 96.58327387249126 55.81 146 0 81361.97128005268 200.0 11.6775 0.01
2.30834994734501 52.35725720799903 56.75 218 0 16342.131539045495 200.0 11.6475 0.02
2.30834994734501 52.04659904671783 58.0 218 0 22864.985665350425 200.0 11.84 0.03
2.30834994734501 113.56062049451968 57.65 168 0 178916.5399897538 200.0 11.8275 0.04
2.30834994734501 63.19788026286578 56.86 114 0 44751.07355612995 200.0 11.75 0.05
2.30834994734501 64.28617252895492 57.93 119 0 24279.39955714337 200.0 11.955 0.060000000000000005
2.30834994734501 110.13039680970243 60.66 126 0 204595.8570240414 200.0 12.3975 0.07
2.30834994734501 51.703565806031335 60.99 129 0 24859.746955856044 200.0 12.3025 0.08
2.30834994734501 57.502112197801395 60.28 133 0 21127.5368370786 200.0 12.335 0.09
2.30834994734501 72.26771912878853 59.78 123 0 43409.76038013218 200.0 12.2425 0.09999999999999999
2.30834994734501 97.66898088297395 59.73 129 0 168380.81731082927 200.0 12.115 0.10999999999999999
2.30834994734501 83.27526611555263 62.74 110 0 75434.8452089683 200.0 12.54 0.11999999999999998
2.30834994734501 79.75065785470304 60.66 89 0 59455.73379795961 200.0 12.265 0.12999999999999998
2.30834994734501 59.87443948693482 63.67 100 0 27769.557195441776 200.0 12.595 0.13999999999999999
2.30834994734501 75.66221334989716 61.82 99 0 50191.206291499715 200.0 12.4975 0.15
2.30834994734501 91.17064202981895 66.46 129 0 73798.1503883814 200.0 12.9175 0.16
2.30834994734501 75.12608385674237 67.78 134 0 36030.46202769077 200.0 13.1675 0.17
2.30834994734501 139.04962393431882 67.31 129 0 275960.31463301135 200.0 13.0375 0.18000000000000002
2.30834994734501 142.49768784060473 67.21 186 0 286916.6044141831 200.0 12.8625 0.19000000000000003
2.30834994734501 130.6164406084021 64.74 125 0 222752.17788726502 200.0 12.695 0.20000000000000004
2.30834994734501 303.08527401481433 65.88 125 0 1558364.3914036893 200.0 12.89 0.21000000000000005
2.30834994734501 207.8306879995072 69.75 148 0 559485.8188723761 200.0 13.44 0.22000000000000006
2.2880435832020076 152.36859288651777 71.44 182 0 801781.9203157536 200.0 13.6725 0.23000000000000007
2.2880435832020076 90.97698647010259 68.73 141 0 78588.92972621522 200.0 13.3775 0.01
2.2880435832020076 198.64912144390127 67.98 132 0 984152.0347024922 200.0 13.34 0.01
2.2880435832020076 1420.8921103318298 72.98989898989899 130 4 2.043604555656534E8 200.0 14.06060606060606 0.01
2.2880435832020076 1242.2419252122656 71.87468671679198 146 1 2.355148493482962E8 200.0 13.87468671679198 0.01
2.2880435832020076 86.03011499864405 73.58 141 0 72747.3648687997 200.0 14.2 0.02
2.2880435832020076 290.3212636483431 75.04 131 0 2170030.1884204927 200.0 14.3525 0.03
2.2880435832020076 1396.38438171536 72.71 143 0 2.5535464793058196E8 200.0 14.09 0.04
2.2880435832020076 866.1225711560693 71.61 164 0 1.0018761027952698E8 200.0 14.0175 0.05
2.2880435832020076 78.99695451577833 72.02 137 0 55480.77520159508 200.0 14.1325 0.060000000000000005
2.2880435832020076 148.15245368062332 70.02 128 0 222838.01241611197 200.0 13.91 0.07
2.2880435832020076 28271.148856598258 68.13533834586467 106 1 3.1421931601328656E11 200.0 13.604010025062657 0.08
2.2880435832020076 144.5141702551316 67.11 96 0 530575.4745818595 200.0 13.3425 0.09
2.2880435832020076 127.28579105226156 70.07 84 0 381016.37028699025 200.0 13.8575 0.09999999999999999
2.2880435832020076 73.64248156093521 68.18 87 0 43896.13810199866 200.0 13.5525 0.10999999999999999
2.2880435832020076 91.94966624770717 69.74 99 0 72968.04467380866 200.0 13.845 0.11999999999999998
2.2880435832020076 124.23002455610356 71.22 104 0 141554.76824955584 200.0 14.08 0.12999999999999998
2.2880435832020076 68.84407173582984 70.82 79 0 28982.126049307404 200.0 13.9225 0.13999999999999999
2.2880435832020076 78.79501235572292 71.07 75 0 58230.40001697736 200.0 13.9275 0.15
2.244430655101803 66.54358629911601 70.56 80 0 36666.21646705658 200.0 13.925 0.16
2.244430655101803 61.675646321808884 75.22 118 0 33045.21164935918 200.0 14.6375 0.01
2.244430655101803 342.00719001485135 74.2 97 0 1.3859009355859334E7 200.0 14.3625 0.01
2.123423724769226 289.33857324794445 72.81 99 0 1939154.3372216204 200.0 14.17 0.01
2.123423724769226 96.17965233503084 69.56 91 0 110537.62528685984 200.0 13.6325 0.01
2.123423724769226 100.06681080106551 69.01 95 0 69244.50774800839 200.0 13.4475 0.01
2.123423724769226 268.09394830446945 69.32 120 0 2856441.059599663 200.0 13.5225 0.01
2.123423724769226 79.38212227960099 64.69 94 0 76236.3501890396 200.0 12.76 0.01
2.123423724769226 107.8870551252856 66.05 93 0 120729.49888347335 200.0 12.965 0.02
2.123423724769226 152.57835901191783 72.4 103 0 529564.167657255 200.0 13.7475 0.03
2.123423724769226 85.607550335103 70.53 167 0 60843.359050426865 200.0 13.83 0.04
2.123423724769226 177.0145227762311 72.23 116 0 635312.0477325862 200.0 14.0475 0.05
2.123423724769226 1233.6229482548085 72.26700251889169 122 3 1.1448092668502766E8 200.0 13.889168765743072 0.060000000000000005
2.123423724769226 568.8075918029758 69.05822784810127 127 5 1.6272213769699778E7 200.0 13.331645569620253 0.07
1.8923199019487447 4930.531900534179 69.81818181818181 216 4 6.385441861354601E9 200.0 13.3989898989899 0.08
1.8923199019487447 3714.9743911669193 63.97 128 0 4.1169612146852746E9 200.0 12.715 0.01
1.8923199019487447 206.93911211641768 66.67 147 0 1113690.3264957066 200.0 13.0975 0.01
1.8923199019487447 240.33900607548625 65.73 126 0 1517254.346797104 200.0 12.9975 0.01
1.8923199019487447 107.63954404050304 65.92 138 0 224533.57710497684 200.0 12.97 0.01
1.8923199019487447 58.60794626916017 65.91 140 0 47936.488299803044 200.0 13.1525 0.02
1.8923199019487447 79.89382000728973 67.75 195 0 69420.81615494005 200.0 13.475 0.03
