#bestFitness averageFitness averageUsedGeneLength time invalids varFitness aveLength aveDerivationTreeDepth SlopeMutRate
38.22389248000002 45404.27594308507 15.12 1193 25 7.30805494886221E11 200.0 4.037333333333334 0.0
38.22389248000002 443.1479899185558 11.65 571 0 21132.27109391197 200.0 3.625 0.0
6.047205631822212 361.73026353577364 10.91 142 0 25155.92436875165 200.0 3.685 0.0
6.047205631822212 274.20843177687505 14.48 244 0 24933.99457394322 200.0 4.4825 0.0
6.047205631822212 215.06094481150987 18.12 203 0 26685.172540965537 200.0 5.1475 0.0
6.047205631822212 143.75458657473476 18.24 133 0 14301.374115923769 200.0 5.295 0.01
6.047205631822212 112.76369680272805 19.46 165 0 13132.896459966149 200.0 5.6175 0.01
4.9564610157861235 101.65446491760821 21.27 111 0 23600.842776828318 200.0 5.885 0.02
0.742932480000001 89.40999301397845 22.72 244 0 21947.86536387606 200.0 6.11 0.01
0.742932480000001 72.14635751708707 22.95 165 0 20108.546875645123 200.0 6.19 0.01
0.742932480000001 71.43038752475111 22.99 99 0 22438.113853256502 200.0 6.1725 0.01
0.742932480000001 73.90841993077085 22.47 101 0 22638.237606707164 200.0 6.0525 0.01
0.742932480000001 70.0010717653315 24.46 85 0 21181.611348135906 200.0 6.3575 0.01
0.742932480000001 68.50126981177294 26.59 140 0 19498.17302930425 200.0 6.5575 0.02
0.7429324799999965 75.73923262925209 27.78 122 0 36241.39769338718 200.0 6.845 0.03
0.7429324799999965 72.47907514829798 29.45 100 0 24368.63719978337 200.0 7.0575 0.01
0.7429324799999965 149.89412789667907 32.67 142 0 157304.3564910047 200.0 7.4125 0.01
0.7429324799999965 71.72214426229625 33.57 212 0 21139.415869187193 200.0 7.585 0.01
0.7429324799999965 103.40220090193971 36.3 149 0 64833.64538644596 200.0 7.96 0.01
0.7429324799999965 125.99404171522136 37.48 120 0 119899.54748674527 200.0 8.0925 0.02
0.7429324799999965 177.63214036436594 39.49 131 0 435188.2919273965 200.0 8.2675 0.03
0.7429324799999965 145.29010871153415 41.25 125 0 239228.81535962853 200.0 8.46 0.04
0.7429324799999965 375.14629133555064 42.51 150 0 5937651.435845546 200.0 8.54 0.05
0.7429324799999965 136.48561151019726 41.12 98 0 130512.89116575317 200.0 8.4775 0.060000000000000005
0.7429324799999965 131.34652180738263 42.41 89 0 207153.01975083805 200.0 8.6525 0.07
0.7429324799999965 193.87392370779529 41.8 129 0 451528.1855135536 200.0 8.6275 0.08
1.2621774483536189E-29 1167.8637634003646 42.471177944862156 140 1 1.7671486923444113E8 200.0 8.63408521303258 0.09
1.2621774483536189E-29 422.1113821419422 44.63316582914573 117 2 1.323594160655792E7 200.0 8.798994974874372 0.01
1.2621774483536189E-29 452.6720224776905 44.598984771573605 93 6 1.5375181335962072E7 200.0 8.723350253807107 0.01
1.2621774483536189E-29 149.4437154838331 41.82 53 0 209904.1371959029 200.0 8.5725 0.01
1.2621774483536189E-29 149.6850297795177 42.87 65 0 170638.1308226464 200.0 8.655 0.01
1.2621774483536189E-29 272.46425404137756 44.39 75 0 2358743.2825170136 200.0 8.6375 0.02
1.2621774483536189E-29 975.6566778557365 44.92731829573935 65 1 9.21978415953461E7 200.0 8.75187969924812 0.03
1.2621774483536189E-29 2935.460274160361 41.24812030075188 59 1 2.1658952867610273E9 200.0 8.401002506265664 0.04
1.2621774483536189E-29 282.4106114295617 39.83 46 0 2197672.1600929066 200.0 8.27 0.05
1.2621774483536189E-29 142.8259727996626 38.0 36 0 146924.3524607406 200.0 8.0875 0.060000000000000005
1.2621774483536189E-29 127.21348729466888 37.92 47 0 141201.72413353343 200.0 8.005 0.07
1.2621774483536189E-29 116.82964946158376 37.35 53 0 101412.6245719925 200.0 7.8675 0.08
1.2621774483536189E-29 99.08391132651553 36.92 38 0 75185.05195873036 200.0 7.8425 0.09
1.2621774483536189E-29 134.5315350792652 37.04 57 0 140373.48178018193 200.0 7.88 0.09999999999999999
1.2621774483536189E-29 107.22990372827522 37.67 32 0 76951.68098608905 200.0 7.905 0.10999999999999999
1.2621774483536189E-29 102.53170416669957 37.95 33 0 89320.00199984538 200.0 7.985 0.11999999999999998
1.2621774483536189E-29 108.30247273885223 37.44 51 0 91270.79466038515 200.0 7.8925 0.12999999999999998
1.2621774483536189E-29 90.55600442133168 37.26 69 0 46939.46146426321 200.0 7.825 0.13999999999999999
1.2621774483536189E-29 62.11884400519197 37.32 61 0 19598.702099539456 200.0 7.855 0.15
1.2621774483536189E-29 70.06757447463528 37.88 52 0 40134.57626519298 200.0 7.9275 0.16
1.2621774483536189E-29 115.10476239240457 36.78 67 0 120653.75913713612 200.0 7.7925 0.17
1.2621774483536189E-29 87.81849515111428 37.98 67 0 29572.04206662031 200.0 7.935 0.18000000000000002
1.2621774483536189E-29 86.36779334422421 36.29 45 0 37945.95590259845 200.0 7.77 0.19000000000000003
1.2621774483536189E-29 97.40889384146054 37.67 35 0 66322.85999833717 200.0 7.9175 0.20000000000000004
1.2621774483536189E-29 108.50268139779138 37.02 28 0 92535.75777391327 200.0 7.8875 0.21000000000000005
1.2621774483536189E-29 80.5443211946792 36.92 38 0 47245.07963126682 200.0 7.8325 0.22000000000000006
1.2621774483536189E-29 85.97753137222072 37.07 45 0 25119.055346624296 200.0 7.8175 0.23000000000000007
1.2621774483536189E-29 94.12841654286362 37.27 31 0 61558.20671768421 200.0 7.8025 0.24000000000000007
1.2621774483536189E-29 67.98802231021524 38.71 39 0 24248.102392449247 200.0 7.97 0.25000000000000006
1.2621774483536189E-29 88.89144623116417 37.77 26 0 62029.17439282722 200.0 7.855 0.26000000000000006
1.2621774483536189E-29 138.49496287696144 37.16 37 0 147865.7152235252 200.0 7.88 0.2700000000000001
1.2621774483536189E-29 127.2329665316519 36.28 43 0 120249.16523236141 200.0 7.685 0.2800000000000001
1.2621774483536189E-29 117.32924209740375 36.25 45 0 101428.00106045936 200.0 7.71 0.2900000000000001
1.2621774483536189E-29 127.10350121855053 37.2 50 0 98336.59776418399 200.0 7.81 0.3000000000000001
1.2621774483536189E-29 69.86094399971324 36.79 52 0 21173.99233447601 200.0 7.7975 0.3100000000000001
1.2621774483536189E-29 122.50855122697848 37.27 48 0 124026.96554370562 200.0 7.87 0.3200000000000001
1.2621774483536189E-29 92.95796015835177 36.74 43 0 47037.89367798394 200.0 7.7925 0.3300000000000001
1.2621774483536189E-29 101.9783499959749 37.26 57 0 61909.39356739094 200.0 7.8475 0.34000000000000014
1.2621774483536189E-29 158.03100192540228 36.83 28 0 147169.3200286965 200.0 7.835 0.35000000000000014
1.2621774483536189E-29 88.25463691580102 37.5 46 0 34115.16083199251 200.0 7.845 0.36000000000000015
1.2621774483536189E-29 90.24383307754724 37.14 36 0 49013.798854030756 200.0 7.8375 0.37000000000000016
1.2621774483536189E-29 105.25012737905453 36.87 31 0 83504.96065143897 200.0 7.81 0.38000000000000017
1.2621774483536189E-29 116.0491316154371 36.86 72 0 111433.5284806696 200.0 7.78 0.3900000000000002
1.2621774483536189E-29 77.13195791341334 36.05 51 0 21126.15043715647 200.0 7.7025 0.4000000000000002
1.2621774483536189E-29 79.6327530224713 36.93 27 0 25832.219088012705 200.0 7.8675 0.4100000000000002
1.2621774483536189E-29 67.43631761270333 37.41 25 0 37650.12046106127 200.0 7.9075 0.4200000000000002
1.2621774483536189E-29 133.1267029850994 37.54 35 0 127981.27671689604 200.0 7.885 0.4300000000000002
1.2621774483536189E-29 109.36426868729166 37.04 39 0 70179.62781999045 200.0 7.8475 0.4400000000000002
1.2621774483536189E-29 119.80337207506078 36.24 37 0 96070.09250541442 200.0 7.6975 0.45000000000000023
1.2621774483536189E-29 78.01284724624834 37.41 34 0 29412.912058909842 200.0 7.81 0.46000000000000024
1.2621774483536189E-29 121.58892949110584 36.81 27 0 108267.03403290376 200.0 7.815 0.47000000000000025
1.2621774483536189E-29 71.1531217818483 36.87 34 0 18925.845051257736 200.0 7.8725 0.48000000000000026
1.2621774483536189E-29 64.00478388883027 37.17 63 0 15988.524938725914 200.0 7.8375 0.49000000000000027
1.2621774483536189E-29 82.53924895501702 38.24 67 0 42408.198334220586 200.0 8.0275 0.5000000000000002
1.2621774483536189E-29 85.84987723926477 37.48 56 0 52310.578130485446 200.0 7.92 0.5100000000000002
1.2621774483536189E-29 115.82015807467457 37.43 46 0 119061.10113699076 200.0 7.9175 0.5200000000000002
1.2621774483536189E-29 125.44808196600665 37.76 57 0 120906.02327402825 200.0 7.8975 0.5300000000000002
1.2621774483536189E-29 113.01380821766597 36.42 72 0 86391.83075552422 200.0 7.695 0.5400000000000003
1.2621774483536189E-29 106.50654318374087 36.81 27 0 80260.87153256345 200.0 7.815 0.5500000000000003
1.2621774483536189E-29 138.51491891511293 36.3 39 0 135860.45249686987 200.0 7.755 0.5600000000000003
1.2621774483536189E-29 156.3983872217882 37.4 70 0 164656.4518144987 200.0 7.8875 0.5700000000000003
1.2621774483536189E-29 82.16926823848762 38.1 43 0 52075.76719835689 200.0 7.965 0.5800000000000003
1.2621774483536189E-29 111.12446912235801 36.77 32 0 115992.85684013172 200.0 7.7975 0.5900000000000003
1.2621774483536189E-29 113.59252931651181 36.84 33 0 114550.5223655927 200.0 7.8775 0.6000000000000003
1.2621774483536189E-29 104.1076352765151 37.53 41 0 90699.01944875576 200.0 7.9 0.6100000000000003
1.2621774483536189E-29 123.68819044327262 37.7 35 0 100028.41420014463 200.0 7.865 0.6200000000000003
1.2621774483536189E-29 133.85833802938933 37.44 31 0 138281.5800380494 200.0 7.8025 0.6300000000000003
1.2621774483536189E-29 112.48939632688548 36.6 41 0 96196.06728551205 200.0 7.7775 0.6400000000000003
1.2621774483536189E-29 67.47768702525678 36.29 43 0 19021.589254089376 200.0 7.7075 0.6500000000000004
1.2621774483536189E-29 92.43409005427087 36.77 27 0 87453.4101977234 200.0 7.8 0.6600000000000004
1.2621774483536189E-29 64.67086378336361 36.95 30 0 20282.955281527135 200.0 7.7925 0.6700000000000004
1.2621774483536189E-29 100.86767839042587 37.21 45 0 72693.10087001111 200.0 7.795 0.6800000000000004
1.2621774483536189E-29 78.43259425563951 37.36 31 0 31868.907270014555 200.0 7.88 0.6900000000000004
1.2621774483536189E-29 86.73756345006157 37.09 25 0 66952.7587173256 200.0 7.8825 0.7000000000000004
1.2621774483536189E-29 70.19924050186826 36.66 33 0 23692.96321634062 200.0 7.8575 0.7100000000000004
