#bestFitness averageFitness averageUsedGeneLength time invalids varFitness aveLength aveDerivationTreeDepth SlopeMutRate
39.16117248000005 1183.920701638036 12.541554959785524 739 27 1.2771871827773152E8 200.0 3.7506702412868633 0.0
39.16117248000005 459.1984624808174 8.27 693 0 20745.616420946997 200.0 3.1975 0.0
39.16117248000005 387.1701841654755 10.45 181 0 23826.269468350696 200.0 3.6275 0.0
28.358128212360164 304.99400508681725 11.84 200 0 25005.28825054788 200.0 4.0925 0.0
20.552319999999995 225.2317033793643 15.5 157 0 20934.544023838884 200.0 4.8225 0.0
20.552319999999995 159.5619275657128 16.9 176 0 15375.969581766487 200.0 5.025 0.01
15.832932479999982 120.16689830465717 18.09 105 0 20191.969751073797 200.0 5.25 0.01
13.038612480000037 154.56492772483386 19.75 103 0 165379.1557087965 200.0 5.4925 0.01
1.6277462168840988 74.8000974160305 19.14 65 0 10573.598490911112 200.0 5.3275 0.01
0.742932480000001 110.4269451989606 22.44 94 0 55818.28245725223 200.0 5.8075 0.01
0.742932480000001 95.1533636243991 22.47 59 0 36427.07560246082 200.0 5.73 0.01
0.742932480000001 75.38792786156249 23.41 56 0 18035.606319869567 200.0 5.9675 0.01
0.742932480000001 66.14997278875111 21.56 65 0 12971.401175502937 200.0 5.8175 0.01
0.742932480000001 62.017867277181715 22.21 44 0 13785.064278325988 200.0 6.03 0.01
0.742932480000001 58.14041698457786 21.76 41 0 11972.003913543214 200.0 6.045 0.02
0.742932480000001 63.70304501055551 22.95 45 0 15128.74511151828 200.0 6.24 0.03
0.742932480000001 70.84595541718036 25.09 47 0 23156.853892645817 200.0 6.5325 0.04
0.742932480000001 55.549258373174744 23.86 40 0 12990.50202977743 200.0 6.4 0.05
0.7429324800000008 40.63849042171784 27.05 37 0 8825.791259064525 200.0 6.8925 0.060000000000000005
0.7429324800000008 42.06755523009192 27.42 35 0 10008.395284709528 200.0 6.92 0.01
0.7429324800000008 43.32438131188885 27.64 33 0 10374.60571799474 200.0 6.95 0.01
0.7429324800000008 47.430992321032306 26.63 43 0 12954.470485701437 200.0 6.8225 0.01
0.7429324800000008 48.56234136868873 25.66 47 0 12674.646607278228 200.0 6.705 0.01
0.7429324800000008 60.21310180680086 25.48 57 0 18045.77862326102 200.0 6.61 0.02
0.7429324800000008 47.93956940307689 26.52 64 0 12306.281481722046 200.0 6.785 0.03
0.7429324800000008 48.98735085431228 28.13 68 0 17168.83958216629 200.0 6.8825 0.04
0.7429324800000008 76.44677100505729 29.5 68 0 24620.258341664434 200.0 6.9575 0.05
0.7429324800000008 70.62599966599127 31.14 68 0 19962.509834364937 200.0 7.01 0.060000000000000005
0.7429324800000008 67.38643040251196 32.19 47 0 18854.123465773813 200.0 7.0875 0.07
0.7429324800000008 99.5482877261999 35.61 50 0 45299.27341204036 200.0 7.4725 0.08
0.7429324800000008 96.90437457995314 35.18 52 0 35323.62838506642 200.0 7.3175 0.09
0.7429324800000008 72.6983452416346 34.42 35 0 20323.69543486115 200.0 7.305 0.09999999999999999
0.7429324800000008 113.42913644184391 35.13 45 0 95914.07490022549 200.0 7.2625 0.10999999999999999
0.7429324800000008 61.45032247480871 36.47 53 0 15855.67003553424 200.0 7.4275 0.11999999999999998
0.7429324800000008 77.73198831507405 38.4 36 0 26592.51859337524 200.0 7.535 0.12999999999999998
0.7429324800000008 157.29425783604145 39.14 47 0 189994.3680944838 200.0 7.585 0.13999999999999999
0.7429324800000008 102.64384327407156 38.18 40 0 31655.00736015939 200.0 7.4675 0.15
0.7429324800000008 118.23030278134256 38.43 22 0 40839.2908603672 200.0 7.5125 0.16
0.7429324800000008 163.45503327527308 38.25 34 0 94968.55462925177 200.0 7.4875 0.17
0.7429324800000008 126.42962634426154 39.99 33 0 46267.90442453066 200.0 7.635 0.18000000000000002
0.7429324800000008 102.27081894585598 40.16 52 0 34617.13208608083 200.0 7.6375 0.19000000000000003
0.7429324800000008 111.7590583378562 40.57 63 0 41190.25145136009 200.0 7.6075 0.20000000000000004
0.7429324800000008 159.5057096782021 40.33 63 0 180991.92952586897 200.0 7.6925 0.21000000000000005
0.7429324800000008 131.34724514855176 41.05 64 0 108054.64461367812 200.0 7.6525 0.22000000000000006
0.7429324800000008 78.24358248918733 40.61 39 0 18093.80444797389 200.0 7.635 0.23000000000000007
0.7429324800000008 101.46096950021358 43.07 33 0 33834.43582650732 200.0 7.845 0.24000000000000007
0.7429324800000008 94.31989108894525 42.31 35 0 27578.943739801973 200.0 7.775 0.25000000000000006
0.7429324800000008 139.1466459002674 41.98 36 0 74080.84687604781 200.0 7.83 0.26000000000000006
0.7429324800000008 153.06596655623653 44.07 44 0 112790.9034330587 200.0 7.9975 0.2700000000000001
0.7429324800000008 103.81964372172251 44.17 35 0 34223.262988319875 200.0 7.9925 0.2800000000000001
0.7429324800000008 128.9265049627665 43.8 40 0 102820.4091371412 200.0 7.8975 0.2900000000000001
0.7429324800000008 98.60825794600115 42.92 37 0 24686.24063284098 200.0 7.9 0.3000000000000001
0.7429324800000008 134.58940158278517 41.94 37 0 67527.79046690173 200.0 7.85 0.3100000000000001
0.7429324800000008 128.88799024104824 42.25 42 0 84495.78519809654 200.0 7.835 0.3200000000000001
0.7429324800000008 136.02832256422488 40.84 34 0 96024.78943051412 200.0 7.6775 0.3300000000000001
0.7429324800000008 147.82536406238904 42.45 52 0 79915.24987882789 200.0 7.825 0.34000000000000014
0.7429324800000008 96.75539524679567 42.74 36 0 32549.040808653306 200.0 7.86 0.35000000000000014
0.7429324800000008 125.02809402676421 40.84 36 0 62236.631573530874 200.0 7.6725 0.36000000000000015
0.7429324800000008 141.80145525971582 40.95 38 0 62193.03372622621 200.0 7.69 0.37000000000000016
0.7429324800000008 109.79166895516299 41.58 32 0 32335.694505827298 200.0 7.76 0.38000000000000017
0.7429324800000008 115.09193763049804 42.27 39 0 48307.59068660165 200.0 7.8675 0.3900000000000002
0.7429324800000008 149.09141531242824 42.23 46 0 83807.37156650565 200.0 7.815 0.4000000000000002
0.7429324800000008 103.865689283596 41.84 38 0 36336.08654596231 200.0 7.7725 0.4100000000000002
0.7429324800000008 99.44457556679427 42.02 34 0 29802.181438310854 200.0 7.73 0.4200000000000002
0.7429324800000008 136.53917013180887 44.09 44 0 90037.76573409274 200.0 7.9625 0.4300000000000002
0.7429324800000008 94.69345948024292 43.04 40 0 31795.70250416477 200.0 7.855 0.4400000000000002
0.7429324800000008 83.00741074383255 43.16 40 0 35955.22663817614 200.0 7.865 0.45000000000000023
0.7429324800000008 105.50955703009748 43.35 67 0 43812.64724415666 200.0 7.8475 0.46000000000000024
0.7429324800000008 147.6782968156343 43.92 45 0 98679.90420836887 200.0 7.8275 0.47000000000000025
0.7429324800000008 142.66023682337362 43.74 39 0 60739.59290947236 200.0 7.785 0.48000000000000026
0.7429324800000008 143.36385894971303 43.1 42 0 65318.171928709664 200.0 7.77 0.49000000000000027
0.7429324800000008 137.5197391104634 42.04 38 0 72255.09069153559 200.0 7.71 0.5000000000000002
0.7429324800000008 215.61632450469176 43.18 46 0 259397.6704034205 200.0 7.8825 0.5100000000000002
0.7429324800000008 141.75877110449014 42.3 43 0 109097.22165605534 200.0 7.83 0.5200000000000002
0.7429324800000008 88.1302130766694 43.38 28 0 21876.837615982862 200.0 7.915 0.5300000000000002
0.7429324800000008 109.01321980323544 42.5 35 0 36188.34596348632 200.0 7.855 0.5400000000000003
0.7429324800000008 99.22773326067339 42.05 34 0 26426.635666957853 200.0 7.9075 0.5500000000000003
0.7429324800000008 158.1524741069444 41.13 25 0 122275.4535846242 200.0 7.695 0.5600000000000003
0.7429324800000008 93.54798772936502 39.53 27 0 21767.963025315836 200.0 7.5475 0.5700000000000003
0.7429324800000008 95.82343101184493 41.25 36 0 26944.788523366176 200.0 7.6725 0.5800000000000003
0.7429324800000008 111.32556716648088 41.48 33 0 43191.283493890565 200.0 7.7475 0.5900000000000003
0.7429324800000008 117.44706189798464 43.01 42 0 38184.01252435249 200.0 7.875 0.6000000000000003
0.7429324800000008 105.13883871770122 42.34 33 0 34474.719889538654 200.0 7.775 0.6100000000000003
0.7429324800000008 133.54326008150127 42.87 26 0 104411.4381647331 200.0 7.83 0.6200000000000003
0.7429324800000008 110.0897533544915 43.99 31 0 36944.432150111286 200.0 7.83 0.6300000000000003
0.7429324800000008 102.03542905466162 44.2 28 0 43668.77939481587 200.0 7.885 0.6400000000000003
0.7429324800000008 116.10371337040797 43.81 37 0 60314.705729071124 200.0 7.8375 0.6500000000000004
0.7429324800000008 139.0608609273859 41.79 35 0 111202.37128911745 200.0 7.7175 0.6600000000000004
0.7429324800000008 166.8493140656146 44.29 28 0 138839.81784583733 200.0 7.9775 0.6700000000000004
0.7429324800000008 84.52100196858729 42.49 24 0 20132.466466847476 200.0 7.7975 0.6800000000000004
0.7429324800000008 183.24742657727504 44.28 26 0 178498.03762535096 200.0 7.9825 0.6900000000000004
0.7429324800000008 121.67784968945728 44.2 20 0 66548.73297090887 200.0 7.88 0.7000000000000004
0.7429324800000008 98.10656543068231 42.63 24 0 26534.538895288006 200.0 7.705 0.7100000000000004
0.7429324800000008 129.89707421004223 43.24 23 0 68887.16489899126 200.0 7.8175 0.7200000000000004
0.7429324800000008 193.65822189438444 42.74 21 0 218481.89474889846 200.0 7.7625 0.7300000000000004
0.7429324800000008 193.0432347319515 46.32 32 0 198687.60187915686 200.0 8.1375 0.7400000000000004
0.7429324800000008 160.57302275975428 43.64 22 0 120910.78893273503 200.0 7.905 0.7500000000000004
0.7429324800000008 129.06443176502276 41.7 23 0 59792.0545602936 200.0 7.71 0.7600000000000005
0.7429324800000008 137.19074400857937 43.57 22 0 57573.87124617637 200.0 7.8525 0.7700000000000005
0.7429324800000008 99.11773396420851 42.05 19 0 34466.425445203364 200.0 7.7125 0.7800000000000005
0.7429324800000008 105.3887724295159 43.15 22 0 36058.1489508877 200.0 7.765 0.7900000000000005
