#bestFitness averageFitness averageUsedGeneLength time invalids varFitness aveLength aveDerivationTreeDepth SlopeMutRate
10.758292480000001 1511.896010455792 13.850666666666667 1025 25 1.4736686125256455E8 200.0 3.8773333333333335 0.0
10.758292480000001 441.91771844658376 10.85 621 0 19650.502062094532 200.0 3.5625 0.0
10.758292480000001 357.2709733100867 13.5 272 0 24874.051347344197 200.0 4.03 0.0
10.758292480000001 313.71066617057176 18.08 242 0 42619.82878255098 200.0 4.835 0.0
10.758292480000001 288.0275525551486 22.75 156 0 86726.54409848522 200.0 5.71 0.0
6.7762124800000265 199.60971585626342 21.67 94 0 34287.32858715605 200.0 5.8425 0.01
6.7762124800000265 136.10470987815626 21.93 73 0 22214.52720147775 200.0 6.0625 0.01
5.652037584090673 102.73088760882311 20.87 78 0 22899.57187249321 200.0 6.035 0.01
5.419621857638981 86.69459575316074 21.02 52 0 21736.226694528825 200.0 6.1225 0.01
5.339910739635884 62.83476588009015 20.91 44 0 13141.366372525878 200.0 6.2075 0.01
5.296952291376612 69.29494272571189 22.59 49 0 21152.605575341455 200.0 6.4475 0.01
5.296952291376612 95.81377446105664 25.01 48 0 46261.60708772262 200.0 6.77 0.01
5.296952291376612 94.64935281576079 27.76 48 0 35437.410058799505 200.0 7.0825 0.01
4.926303702484634 116.96108007900322 30.58 47 0 62418.09547820151 200.0 7.375 0.01
4.926303702484634 188.76282448458468 32.41 59 0 469859.55740441853 200.0 7.64 0.01
4.926303702484634 167.5413333607568 34.19 83 0 435844.4936186886 200.0 7.73 0.01
4.7151245587996335 102.18050098455687 36.66 56 0 73913.81356238252 200.0 8.035 0.01
4.540497354696078 808.373796756291 40.80808080808081 119 4 1.2520559261723734E8 200.0 8.421717171717171 0.01
4.540497354696078 888.1131192296966 39.249370277078086 124 3 8.50452600264894E7 200.0 8.239294710327457 0.01
4.540497354696078 620.2070799182104 42.282828282828284 125 4 3.126375595718354E7 200.0 8.575757575757576 0.01
4.540497354696078 209.8229131029437 40.22 78 0 362961.3011310812 200.0 8.2575 0.01
4.540497354696078 226.06604332909842 41.59 74 0 887078.6736886221 200.0 8.3025 0.01
4.415762519233745 3923.358992041017 41.86967418546366 72 1 4.570893213036249E9 200.0 8.413533834586467 0.02
4.415762519233745 858.2329612418428 41.13 83 0 1.444671820114209E8 200.0 8.32 0.01
4.415762519233745 289.78490586636275 41.51145038167939 67 7 3450051.50512073 200.0 8.430025445292621 0.01
4.415762519233745 150.37649828501483 38.4 61 0 166529.57128447824 200.0 8.05 0.01
4.415762519233745 256.6797614287568 39.75 49 0 1314062.787944092 200.0 8.135 0.01
4.412039313827748 681.4281925506585 43.07888040712468 70 7 3.744152259880267E7 200.0 8.600508905852417 0.02
4.3621266819699756 142.9150004681511 42.56 91 0 121749.59719556481 200.0 8.4075 0.01
4.3621266819699756 189.49440092796598 40.78481012658228 82 5 1005800.7993265835 200.0 8.237974683544303 0.01
4.3621266819699756 312.51413745186693 43.203007518796994 83 1 2830413.0290391487 200.0 8.49874686716792 0.01
4.3621266819699756 228.46773834912008 43.05 66 0 1076006.992834341 200.0 8.46 0.01
4.3621266819699756 989.7796605644736 40.75757575757576 60 4 1.5387840616380858E8 200.0 8.093434343434344 0.01
4.3621266819699756 126.27241935126263 43.39 65 0 121069.61351195603 200.0 8.38 0.02
4.2934436567331264 174.33380756910552 42.484848484848484 62 4 605038.1466859608 200.0 8.232323232323232 0.03
4.2934436567331264 82.57084438626667 41.38 48 0 23736.49634508272 200.0 8.035 0.01
4.2934436567331264 447.7351277775285 39.795918367346935 64 8 1.6621275197028456E7 200.0 7.923469387755102 0.01
4.2934436567331264 59.76090722761908 41.49 66 0 15747.246844709434 200.0 8.1575 0.01
4.2934436567331264 104.13090907789676 43.59398496240601 62 1 109762.7552044278 200.0 8.416040100250626 0.01
4.2934436567331264 2884.727779045008 51.30632911392405 76 5 2.3919590008929286E9 200.0 9.30886075949367 0.02
3.5628272707731217 424.2183137670158 47.65 72 0 8237803.791412563 200.0 8.895 0.03
3.5628272707731217 563.3502863337424 48.04040404040404 46 4 2.9469937336112086E7 200.0 8.934343434343434 0.01
3.5628272707731217 148.14476838963276 44.31 56 0 735895.4093231332 200.0 8.56 0.01
3.5628272707731217 488.2053836134994 45.8796992481203 100 1 8214331.509786116 200.0 8.568922305764412 0.01
3.5628272707731217 120.26768559634803 44.81 58 0 122805.65265162096 200.0 8.4825 0.01
3.5628272707731217 104.8711291631496 41.26 59 0 110644.98445105634 200.0 8.12 0.02
2.62782849741515 72.4592182798054 40.09 51 0 52066.325948667014 200.0 8.0675 0.03
2.62782849741515 80.22167309631382 41.26 49 0 41886.38514191176 200.0 8.1425 0.01
2.62782849741515 62.284627324188094 39.83 42 0 26172.14019827774 200.0 7.99 0.01
2.62782849741515 74.30708942289903 38.47 43 0 47277.58193061946 200.0 7.765 0.01
2.62782849741515 47.23778796226722 33.73 47 0 12403.044687238465 200.0 7.1025 0.01
2.62782849741515 55.13144458192162 35.8 43 0 22623.074011074677 200.0 7.27 0.02
2.62782849741515 31.760600327374085 35.51 36 0 6718.585078224412 200.0 7.3125 0.03
0.7429324800000008 43.99128655291058 35.69 37 0 11748.014236760835 200.0 7.225 0.04
0.7429324800000008 42.01644021177431 38.0 34 0 9971.656450533797 200.0 7.4775 0.01
0.7429324800000008 36.86669031373797 38.56 25 0 7409.04710287763 200.0 7.575 0.01
0.7429324800000008 31.691917767525894 39.75 30 0 5503.599973444067 200.0 7.6525 0.01
0.7429324800000008 40.14206293546665 40.15 42 0 8609.320161754962 200.0 7.6775 0.01
0.7429324800000008 37.10906774655146 41.62 28 0 7682.479623167956 200.0 7.9375 0.02
0.7429324800000008 35.61144907796175 41.62 32 0 5413.668865120766 200.0 8.015 0.03
0.7429324800000008 56.13693866743728 41.17 25 0 17502.855934411495 200.0 8.02 0.04
0.7429324800000008 39.382331476833386 40.11 21 0 7241.298975724033 200.0 8.035 0.05
0.7429324800000008 32.64661643990141 41.19 26 0 4656.176861490717 200.0 8.27 0.060000000000000005
0.7429324800000008 36.24048900564947 40.66 27 0 7361.712830597982 200.0 8.265 0.07
0.7429324800000008 32.3559834522002 41.56 31 0 4884.852333414416 200.0 8.53 0.08
0.7429324800000008 40.67118669871236 40.33 19 0 9344.651509798678 200.0 8.5425 0.09
0.7429324800000008 50.102984433687 41.43 22 0 12541.525994144818 200.0 8.7075 0.09999999999999999
0.7429324800000008 55.62190957582573 41.45 20 0 13565.490367426926 200.0 8.6575 0.10999999999999999
0.7429324800000008 53.45953468585925 40.6 20 0 14312.802561584886 200.0 8.515 0.11999999999999998
0.7429324800000008 50.60592286108779 40.56 19 0 13562.080433271874 200.0 8.61 0.12999999999999998
0.7429324800000008 48.28431617464323 41.08 17 0 13034.524363599568 200.0 8.7125 0.13999999999999999
0.7429324800000008 50.04841314832104 40.25 18 0 12736.368286153336 200.0 8.64 0.15
0.7429324800000008 48.77189078866226 41.68 18 0 11251.716788664204 200.0 8.8275 0.16
0.7429324800000008 60.99362958193523 42.39 26 0 15762.097639283116 200.0 8.8575 0.17
0.7429324800000008 41.76649341707422 42.96 19 0 8792.178675469542 200.0 8.99 0.18000000000000002
0.7429324800000008 53.48011056121013 42.03 34 0 14208.075199981096 200.0 8.9025 0.19000000000000003
0.7429324800000008 48.123062004481795 42.37 23 0 8220.164027035416 200.0 8.8975 0.20000000000000004
0.7429324800000008 47.86217776225668 42.09 24 0 11630.873821978565 200.0 8.76 0.21000000000000005
0.7429324800000008 63.81683308026933 41.95 24 0 19819.266444253124 200.0 8.7975 0.22000000000000006
0.7429324800000008 64.19602536413979 41.63 26 0 17219.754365479428 200.0 8.77 0.23000000000000007
0.7429324800000008 43.7195706931898 41.54 19 0 9774.621888524867 200.0 8.7625 0.24000000000000007
0.7429324800000008 74.32300352325922 41.68 24 0 21751.664653950582 200.0 8.7275 0.25000000000000006
0.7429324800000008 45.06425843635722 41.56 17 0 8595.704669784758 200.0 8.825 0.26000000000000006
0.7429324800000008 44.72658713232424 41.23 16 0 9682.721534172124 200.0 8.7675 0.2700000000000001
0.7429324800000008 34.36534509346036 41.09 15 0 6752.628050985746 200.0 8.8175 0.2800000000000001
0.7429324800000008 45.67007915838082 40.66 17 0 11457.284833229136 200.0 8.725 0.2900000000000001
0.7429324800000008 39.76003853394993 41.91 20 0 8746.474779658587 200.0 8.9175 0.3000000000000001
0.7429324800000008 61.132822101390055 41.96 19 0 22514.79365713021 200.0 8.8225 0.3100000000000001
0.7429324800000008 45.88031951152075 42.47 15 0 11002.325194283048 200.0 8.8875 0.3200000000000001
0.7429324800000008 52.871515244142046 41.01 20 0 19834.623974292786 200.0 8.685 0.3300000000000001
0.7429324800000008 68.50142547152018 42.59 19 0 26769.83050802529 200.0 8.8125 0.34000000000000014
0.7429324800000008 55.783461992288885 41.36 27 0 14630.081887569146 200.0 8.7375 0.35000000000000014
0.7429324800000008 60.73801349400038 40.66 26 0 16947.14394562578 200.0 8.69 0.36000000000000015
0.7429324800000008 49.63713557495325 39.81 21 0 14083.96950625262 200.0 8.63 0.37000000000000016
0.7429324800000008 42.45763175610613 40.11 13 0 10892.089650458645 200.0 8.6825 0.38000000000000017
0.7429324800000008 42.5820598706102 40.07 23 0 12153.137370024553 200.0 8.65 0.3900000000000002
0.7429324800000008 31.45886579936728 41.17 23 0 5797.210997949716 200.0 8.835 0.4000000000000002
0.7429324800000008 55.18299979550268 40.27 19 0 16631.444726686164 200.0 8.735 0.4100000000000002
0.7429324800000008 61.74894406188118 40.88 17 0 22384.369295782493 200.0 8.8075 0.4200000000000002
0.7429324800000008 61.18836311704606 40.49 14 0 18304.257942994576 200.0 8.8 0.4300000000000002
0.7429324800000008 50.49775302376276 40.58 20 0 12884.8936774688 200.0 8.7475 0.4400000000000002
