#bestFitness averageFitness averageUsedGeneLength time invalids varFitness aveLength aveDerivationTreeDepth SlopeMutRate
9.999999999999982 626.1843738357762 14.392370572207085 687 33 944083.7751032296 200.0 4.024523160762943 0.0
9.999999999999982 440.1334401250335 9.65 640 0 19629.32872481366 200.0 3.4425 0.0
9.999999999999982 343.1968339014168 12.25 160 0 19829.150967371555 200.0 3.995 0.0
9.64181248000002 282.6974070798467 16.65 201 0 19884.696793075585 200.0 4.72 0.0
2.8795862168841055 245.8788338938969 17.9 212 0 28448.098822390763 200.0 5.025 0.0
2.8795862168841055 205.07996572138737 20.87 148 0 33843.658359781715 200.0 5.5575 0.01
2.8795862168841055 156.57716836318005 24.27 137 0 26193.136407241607 200.0 6.17 0.01
2.8795862168841055 186.37786431850293 27.05 135 0 125343.76473751133 200.0 6.53 0.01
2.8795862168841055 168.42763264445526 29.43 140 0 83351.7705433758 200.0 6.82 0.01
2.8795862168841055 143.18042389761587 29.77 89 0 57728.5409313741 200.0 6.8425 0.02
2.8795862168841055 140.2203183290229 31.68 81 0 53921.73311315713 200.0 6.895 0.03
0.727745441703201 147.2026708522234 34.25 64 0 86039.60225368579 200.0 7.155 0.04
0.727745441703201 165.6815288273258 34.51 58 0 124104.88499301887 200.0 7.085 0.01
0.727745441703201 121.90543230390834 34.68 83 0 38175.32148831941 200.0 7.185 0.01
0.727745441703201 277.9132710381506 36.11 59 0 574646.7039393276 200.0 7.17 0.01
0.727745441703201 132.41005765983041 35.58 48 0 45331.59148604141 200.0 7.135 0.01
0.727745441703201 217.36787741132088 36.69 66 0 299484.02940242307 200.0 7.31 0.02
0.727745441703201 146.8366423670866 34.49 71 0 85774.80722038816 200.0 7.12 0.03
0.727745441703201 181.28682287556342 34.47 82 0 130170.95865727398 200.0 7.0975 0.04
0.727745441703201 197.13797760069627 36.41 81 0 226373.5027052615 200.0 7.2725 0.05
0.727745441703201 181.88447296159245 35.9 93 0 155676.90186855002 200.0 7.2975 0.060000000000000005
0.727745441703201 166.85035201932476 34.85 78 0 246348.99863157398 200.0 7.13 0.07
0.727745441703201 154.18070060146576 35.79 58 0 111423.49567478309 200.0 7.205 0.08
0.727745441703201 209.50927116533614 39.08 77 0 221014.71976224668 200.0 7.565 0.09
0.727745441703201 250.02563328116142 38.96 78 0 460302.2249455034 200.0 7.5675 0.09999999999999999
0.727745441703201 247.04724957540193 37.61 71 0 298557.23334110284 200.0 7.53 0.10999999999999999
0.727745441703201 297.9887007471789 38.13 55 0 831406.2658766642 200.0 7.5375 0.11999999999999998
0.727745441703201 277.61380818169926 38.37 67 0 721629.0846793435 200.0 7.685 0.12999999999999998
0.727745441703201 611.0789346912155 35.91 74 0 4472491.249180072 200.0 7.465 0.13999999999999999
0.727745441703201 178.8712379857947 30.99 65 0 155089.653824481 200.0 6.9725 0.15
0.727745441703201 139.78781093444087 30.64 67 0 148008.05105819504 200.0 6.955 0.16
0.727745441703201 310.3495671719753 32.49 70 0 1456567.2670550433 200.0 7.1325 0.17
0.727745441703201 235.25716273776473 32.47 60 0 594369.9024237071 200.0 7.2925 0.18000000000000002
0.727745441703201 171.3032571455036 32.1 37 0 248992.68390380067 200.0 7.235 0.19000000000000003
0.727745441703201 150.54134629492054 32.28 36 0 195180.80277958515 200.0 7.195 0.20000000000000004
0.727745441703201 284.8373516650996 32.4 35 0 636404.7242643427 200.0 7.165 0.21000000000000005
0.727745441703201 115.69978408431489 30.09 24 0 116345.7028045383 200.0 6.935 0.22000000000000006
0.727745441703201 138.37434655533036 32.46 38 0 155284.1358830594 200.0 7.215 0.23000000000000007
0.727745441703201 192.7093891706662 34.02 37 0 299944.90730203805 200.0 7.3175 0.24000000000000007
0.727745441703201 203.138127452029 32.06 35 0 438456.86825575074 200.0 7.0725 0.25000000000000006
0.7277454417032001 215.80099425812935 34.96 54 0 278796.4486308345 200.0 7.365 0.26000000000000006
0.7277454417032001 128.45462329275622 30.79 54 0 92013.40963254565 200.0 6.9525 0.01
0.7277454417032001 178.84399198988814 31.86 46 0 199141.7772060647 200.0 7.055 0.01
0.7277454417032001 192.89939366604696 31.17 41 0 301505.7353760315 200.0 6.9575 0.01
0.7277454417032001 154.8071254465483 31.45 44 0 166382.0444897012 200.0 7.0625 0.01
0.7277454417032001 204.0772932469339 32.41 47 0 324700.2374783503 200.0 7.23 0.02
0.7277454417032001 136.49371658040025 28.86 44 0 83935.73618979404 200.0 6.7575 0.03
0.7277454417032001 161.94681956093692 31.18 46 0 266078.91844652913 200.0 7.0075 0.04
0.7277454417032001 154.26878235614396 31.29 38 0 162242.88426659975 200.0 7.0825 0.05
0.7277454417032001 105.61361789872633 29.08 45 0 74465.13094415533 200.0 6.8325 0.060000000000000005
0.7277454417032001 136.97735939906227 30.43 42 0 131986.7478663532 200.0 7.01 0.07
0.7277454417032001 108.4554593242874 28.74 23 0 89409.13191592219 200.0 6.825 0.08
0.7277454417032001 156.49165801896962 30.79 44 0 215449.116761621 200.0 6.9925 0.09
0.7277454417032001 126.71687100380665 29.8 38 0 117771.53293569414 200.0 6.895 0.09999999999999999
0.7277454417032001 90.42669135860856 30.74 34 0 64114.54306028525 200.0 6.99 0.10999999999999999
0.7277454417032001 94.49742785224548 29.17 36 0 50465.63056128702 200.0 6.8275 0.11999999999999998
0.7277454417032001 141.33086143676974 28.85 42 0 240807.10356265996 200.0 6.7825 0.12999999999999998
0.7277454417032001 123.8643166649858 31.68 37 0 94419.19303743672 200.0 7.1225 0.13999999999999999
0.7277454417032001 332.28725685337884 32.58 42 0 1114962.5102566977 200.0 7.21 0.15
0.7277454417032001 77.14091086014967 27.5 28 0 36008.81192562632 200.0 6.6375 0.16
0.7277454417032001 128.9406526008826 32.46 43 0 109814.09185487099 200.0 7.085 0.17
0.7277454417032001 191.0256505654278 31.29 36 0 333517.61986527144 200.0 7.0725 0.18000000000000002
0.7277454417032001 146.83221756453503 30.98 41 0 166590.64619304807 200.0 7.025 0.19000000000000003
0.7277454417032001 120.82389569411595 30.25 43 0 78782.67707197991 200.0 6.875 0.20000000000000004
0.7277454417032001 142.38352262104604 31.69 41 0 138666.15856934778 200.0 7.0925 0.21000000000000005
0.7277454417032001 78.53625783281497 28.81 26 0 31200.073936398225 200.0 6.715 0.22000000000000006
0.7277454417032001 101.54230709543221 29.75 33 0 51072.55242740769 200.0 6.8025 0.23000000000000007
0.7277454417032001 88.11734004852332 29.8 28 0 34632.908898578055 200.0 6.8725 0.24000000000000007
0.7277454417032001 128.92274580596737 28.13 35 0 85988.08152749689 200.0 6.7175 0.25000000000000006
0.7277454417032001 115.80873892332593 29.47 39 0 86414.92099729819 200.0 6.785 0.26000000000000006
0.7277454417032001 94.45635650888914 28.89 28 0 52696.25206600521 200.0 6.79 0.2700000000000001
0.7277454417032001 68.28737998948516 29.84 26 0 40268.36311103893 200.0 6.9925 0.2800000000000001
0.7277454417032001 88.64470270707803 30.29 27 0 67811.03410863833 200.0 6.93 0.2900000000000001
0.7277454417032001 101.31092441242754 30.21 23 0 66325.77385674034 200.0 6.9275 0.3000000000000001
0.7277454417032001 123.04754878235282 29.47 32 0 108198.66074616686 200.0 6.885 0.3100000000000001
0.7277454417032001 97.00339959024495 29.79 34 0 53553.34938812558 200.0 6.8825 0.3200000000000001
0.7277454417032001 132.12311799659452 30.03 23 0 170615.02108459937 200.0 6.85 0.3300000000000001
0.7277454417032001 118.79429491935761 28.41 27 0 73361.98348602768 200.0 6.685 0.34000000000000014
0.4777454417032013 100.22945795957185 29.38 28 0 49956.09321413276 200.0 6.8575 0.35000000000000014
0.4777454417032013 114.90092526772139 31.56 31 0 110128.27039316163 200.0 7.0775 0.01
0.4777454417032013 66.28398620347016 29.4 21 0 28043.609195158813 200.0 6.83 0.01
0.4777454417032013 60.01151783365938 30.57 36 0 26388.167668790775 200.0 7.0025 0.01
0.4777454417032013 126.20019326653686 33.47 24 0 84585.67303732538 200.0 7.195 0.01
0.4777454417032013 167.7711543547399 33.02 26 0 141556.86357476833 200.0 7.1475 0.02
0.4777454417032013 130.72574782920668 31.62 27 0 117583.26477103481 200.0 7.0225 0.03
0.4777454417032013 107.87310880566584 30.36 24 0 81450.23180449862 200.0 6.9425 0.04
0.4777454417032013 105.23715258099344 30.08 27 0 83126.14107112803 200.0 6.8825 0.05
0.4777454417032013 111.35294596566737 31.67 22 0 92795.74457538381 200.0 7.0825 0.060000000000000005
0.4777454417032013 128.96019337379255 34.94 25 0 93534.26646839881 200.0 7.4325 0.07
0.4777454417032013 154.2976634851927 33.51 29 0 154960.45097137892 200.0 7.12 0.08
0.4777454417032013 108.88456421415826 31.42 22 0 69780.58648051505 200.0 6.915 0.09
0.4777454417032013 145.55825404764468 31.66 22 0 169435.86522607482 200.0 6.955 0.09999999999999999
0.4777454417032013 112.15410521840191 31.31 24 0 83737.5547424177 200.0 6.9275 0.10999999999999999
0.4777454417032013 193.2778239243767 32.36 23 0 244994.8254815539 200.0 7.0 0.11999999999999998
0.4777454417032013 189.23393322344808 31.08 24 0 258281.88205247893 200.0 6.7825 0.12999999999999998
0.4777454417032013 118.05946079642345 30.2 20 0 92941.18645193653 200.0 6.745 0.13999999999999999
0.4777454417032013 137.52032056705764 29.99 27 0 96931.04405099186 200.0 6.6175 0.15
0.4777454417032013 112.2392225955334 28.02 21 0 72614.14567205329 200.0 6.37 0.16
0.4777454417032013 205.79660975938438 28.87 30 0 764979.924787093 200.0 6.255 0.17
0.4777454417032013 197.74669100359438 28.91 29 0 222023.0891856705 200.0 6.2675 0.18000000000000002
0.4777454417032013 100.84999747512809 25.31 16 0 76238.0273251027 200.0 6.0175 0.19000000000000003
