#bestFitness averageFitness averageUsedGeneLength time invalids varFitness aveLength aveDerivationTreeDepth SlopeMutRate
41.76988596225985 2262.147109234879 16.619565217391305 462 32 5.426704471694548E8 200.0 4.239130434782608 0.0
9.641812480000016 483.2138829539864 12.86 193 0 28557.520226271525 200.0 3.755 0.0
9.641812480000016 398.7335041340246 12.32 47 0 20681.459626908232 200.0 3.8575 0.0
9.641812480000016 351.95636660263386 17.67 67 0 58509.07852007082 200.0 4.6625 0.0
9.641812480000016 367.436026616884 21.31 43 0 2332459.867303954 200.0 5.4275 0.0
5.77621248000001 190.5714796605514 20.63 53 0 28240.617299022848 200.0 5.495 0.01
2.0689308126559274 216.99446730933812 22.75 59 0 319621.80116647884 200.0 5.79 0.01
2.0689308126559274 117.0310472638928 17.47 30 0 40284.295722035866 200.0 5.2775 0.01
2.0689308126559274 91.86813426951053 17.99 32 0 31241.451849198464 200.0 5.3125 0.01
2.0689308126559274 48.354512035107206 17.1 21 0 11734.40442350947 200.0 5.205 0.01
2.0689308126559274 33.696187088471476 19.21 22 0 6829.537320771875 200.0 5.48 0.01
2.0689308126559274 37.44557627227612 21.26 23 0 8684.262587773683 200.0 5.8125 0.02
2.0689308126559274 50.988121494903645 22.91 30 0 14836.869951214167 200.0 6.1225 0.03
2.0689308126559274 41.30977008858326 24.96 31 0 8903.073615025687 200.0 6.465 0.04
2.0689308126559274 51.24636377843054 27.06 25 0 12379.874089461267 200.0 6.7525 0.05
2.0689308126559274 72.01900538165211 29.21 40 0 24350.781757270765 200.0 7.105 0.060000000000000005
2.0689308126559274 79.56777456224583 31.63 49 0 43182.50066735721 200.0 7.435 0.07
2.0689308126559274 56.11627198814364 33.18 37 0 13234.048416879039 200.0 7.7125 0.08
2.0689308126559274 71.24107468521123 33.04 34 0 18580.23135870791 200.0 7.7475 0.09
1.4824254043632974 50.195734768188025 35.09 49 0 9503.210363212185 200.0 8.0475 0.09999999999999999
1.3030256752035527 73.16093237640177 34.84 61 0 21615.298609741418 200.0 7.955 0.01
1.3030256752035527 66.2566470001808 34.81 63 0 15974.239520722109 200.0 8.16 0.01
1.3030256752035527 76.27369071365928 36.96 75 0 22963.742247483133 200.0 8.435 0.01
1.3030256752035527 77.58225196368562 39.39 46 0 20655.307847250653 200.0 8.6625 0.01
1.3030256752035527 89.83213649060298 41.47 45 0 31303.05350861087 200.0 8.8825 0.01
1.3030256752035527 71.67495243504385 42.97 53 0 14702.778525946207 200.0 8.8725 0.02
1.3030256752035527 89.88265949555142 44.75 57 0 32145.727696108443 200.0 9.2175 0.03
1.3030256752035527 67.74342180348143 44.36 94 0 16282.768873473191 200.0 9.135 0.04
1.3030256752035527 62.19122634179869 46.22 56 0 15308.727157946309 200.0 9.2275 0.05
1.3030256752035527 57.225743576406856 47.0 41 0 13859.250052725032 200.0 9.365 0.060000000000000005
1.3030256752035527 53.13027011991785 46.65 35 0 11324.748495201162 200.0 9.3 0.07
1.3030256752035527 62.54921710706954 50.65 55 0 14427.548404013774 200.0 9.445 0.08
1.3030256752035527 84.221747899505 52.82 88 0 50225.48545498587 200.0 9.54 0.09
1.3030256752035527 103.5714629328489 49.66 119 0 57400.73461192001 200.0 9.365 0.09999999999999999
1.3030256752035527 60.70988617990989 50.72 104 0 12025.244895037957 200.0 9.3775 0.10999999999999999
1.3030256752035527 90.00843320038162 52.65 86 0 63572.220848774465 200.0 9.4625 0.11999999999999998
1.3030256752035527 86.62757645748182 51.95 67 0 28189.080611969763 200.0 9.315 0.12999999999999998
1.3030256752035527 76.17542856724508 51.34 66 0 20832.950742527377 200.0 9.3475 0.13999999999999999
1.3030256752035527 59.139106852939875 53.51 62 0 11672.606207476945 200.0 9.4625 0.15
1.3030256752035527 62.597771539615884 54.03 80 0 13194.631865021272 200.0 9.61 0.16
1.3030256752035527 83.54521368867368 54.65 65 0 29613.513034110645 200.0 9.53 0.17
1.3030256752035527 53.629935122865845 52.79 84 0 8018.6249326945135 200.0 9.46 0.18000000000000002
1.3030256752035527 60.27016533097865 52.28 88 0 11258.333316960563 200.0 9.315 0.19000000000000003
1.3030256752035527 36.84335753867862 51.87 82 0 3972.891672147709 200.0 9.45 0.20000000000000004
1.3030256752035527 60.25645169799911 51.54 83 0 13300.37411266333 200.0 9.365 0.21000000000000005
1.3030256752035527 66.63701348026906 49.92 60 0 15126.189593664387 200.0 9.17 0.22000000000000006
1.3030256752035507 56.320653941935845 50.77 65 0 11727.120514224705 200.0 9.275 0.23000000000000007
1.3030256752035507 53.039778118711894 51.83 71 0 12373.487576475849 200.0 9.3325 0.01
1.3030256752035503 81.96136753383279 51.21 62 0 35519.44316110141 200.0 9.3025 0.01
1.3030256752035503 73.99179455775499 53.38 156 0 19274.284954305986 200.0 9.42 0.01
1.3030256752035503 54.8582323827615 54.3 81 0 10432.844184256588 200.0 9.475 0.01
1.3030256752035503 57.44885502150705 53.03 75 0 12220.98597743169 200.0 9.44 0.01
1.3030256752035503 62.06845360327157 54.61 89 0 14824.55492322386 200.0 9.4575 0.01
0.5778525318192385 60.174855683363866 54.29 88 0 12236.134977920332 200.0 9.4925 0.02
0.5778525318192385 86.22047159338995 53.08 73 0 27008.613986827237 200.0 9.3625 0.01
0.5778525318192385 91.06695121456369 52.23 96 0 45425.24542541091 200.0 9.4975 0.01
0.5778525318192385 82.35378557665751 50.86 71 0 21201.196330354094 200.0 9.215 0.01
0.5778525318192385 74.9962712727712 49.05 104 0 17028.32937425615 200.0 9.22 0.01
0.5778525318192385 103.71409600973413 50.54 63 0 47867.35052705064 200.0 9.3025 0.02
0.5778525318192385 70.38175570713945 50.91 72 0 17036.518846028208 200.0 9.275 0.03
0.5778525318192385 65.41558265772187 52.09 66 0 19642.39260873868 200.0 9.5425 0.04
0.5297480639424674 82.85027861627296 53.91 83 0 31081.62060552646 200.0 9.5025 0.05
0.5297480639424674 87.05381439826641 49.75 72 0 20378.30364531608 200.0 9.0075 0.01
0.4936344025648592 88.55474544484213 55.47 59 0 53702.91657445278 200.0 9.65 0.01
0.4936344025648592 76.81460194722233 55.35 92 0 20864.050692541095 200.0 9.4825 0.01
0.4936344025648592 105.22022852943927 55.61 79 0 51569.19058104424 200.0 9.5 0.01
0.4864346484252502 116.36927312678299 56.93 67 0 67247.81678821305 200.0 9.6075 0.01
0.4864346484252498 101.9182712898898 55.55 68 0 69474.24238364385 200.0 9.4275 0.01
0.4864346484252498 153.47477823847592 59.31 81 0 221984.82165507338 200.0 9.76 0.01
0.4864346484252498 121.76611276526889 60.48 80 0 87756.29331539951 200.0 9.7925 0.01
0.4864346484252498 113.67667413172877 56.77 77 0 60361.86435204218 200.0 9.6475 0.01
0.4624630432725113 91.219456312706 55.41 69 0 34355.207827129336 200.0 9.5275 0.01
0.24090090952969823 78.83290602964922 56.35 68 0 23672.77164542273 200.0 9.6825 0.01
0.24090090952969823 85.01019785606513 56.92 83 0 26433.51969489377 200.0 9.845 0.01
0.24090090952969823 97.36586915998014 55.94 56 0 42771.61724293199 200.0 9.65 0.01
0.24090090952969823 69.06207901418301 57.78 65 0 16914.21674568214 200.0 9.8825 0.01
0.24090090952969823 103.74656239935594 60.42 66 0 52296.58854590357 200.0 10.05 0.01
0.24090090952969823 126.73324460053432 57.64 68 0 55025.46596039785 200.0 9.7575 0.02
0.24090090952969823 95.05107266790642 57.04 60 0 30505.704741038146 200.0 9.725 0.03
0.24090090952969823 84.43589735106897 59.93 66 0 28049.87165816516 200.0 10.02 0.04
0.24090090952969823 86.82161290752845 57.92 70 0 27223.268544465154 200.0 9.92 0.05
0.24090090952969823 116.29129196226324 58.15 64 0 112227.49904812027 200.0 10.025 0.060000000000000005
0.24090090952969823 103.86531660097049 57.22 60 0 61457.74759571161 200.0 9.745 0.07
0.24090090952969823 81.50754163260679 60.55 62 0 30694.815370245436 200.0 10.125 0.08
0.24090090952969823 122.77432952767012 60.49 62 0 111136.45613236852 200.0 10.1125 0.09
0.24090090952969823 315.00583530485926 61.69 70 0 1462514.5102092759 200.0 10.26 0.09999999999999999
0.24090090952969823 150.71519616526174 59.26 64 0 135479.9679711037 200.0 9.8925 0.10999999999999999
0.24090090952969823 575.6606584375126 62.03 60 0 1.1797631440837955E7 200.0 10.17 0.11999999999999998
0.24090090952969823 118.51816652383287 63.12 68 0 70314.95094684613 200.0 10.3625 0.12999999999999998
0.24090090952969823 634.0297417529874 64.98 56 0 2.3863778117613737E7 200.0 10.5175 0.13999999999999999
0.24090090952969823 120.85323663597528 62.47 67 0 63047.992564678745 200.0 10.4425 0.15
0.24090090952969823 232.58385516488627 60.36 57 0 781901.2759383426 200.0 10.1625 0.16
0.24090090952969823 117.05185724441868 58.51 57 0 48745.996361908845 200.0 10.1825 0.17
0.24090090952969823 156.96852648965117 60.09 50 0 274572.8313693841 200.0 10.295 0.18000000000000002
0.24090090952969823 482.36051010113147 61.06 53 0 1.5433450778751694E7 200.0 10.2375 0.19000000000000003
0.24090090952969823 222.78982209053956 57.29 57 0 719480.4706752943 200.0 9.8075 0.20000000000000004
0.24090090952969823 41002.99157857029 57.50379746835443 62 5 4.893024871769092E11 200.0 9.845569620253164 0.21000000000000005
0.24090090952969823 2401.094473481987 58.75 50 0 1.1606640834612687E9 200.0 9.9025 0.22000000000000006
0.24090090952969823 186.54508234041256 59.06 56 0 395879.4030836308 200.0 9.945 0.23000000000000007
0.24090090952969823 486.528812055884 57.43 41 0 1.756092826055464E7 200.0 9.89 0.24000000000000007
0.24090090952969823 42348.18749664458 59.666666666666664 57 4 6.210857048647622E11 200.0 10.007575757575758 0.25000000000000006
