#bestFitness averageFitness averageUsedGeneLength time invalids varFitness aveLength aveDerivationTreeDepth SlopeMutRate
34.90421248000005 1547.3394587251798 14.828729281767956 850 38 1.471458821977681E8 200.0 4.185082872928176 0.0
34.90421248000005 429.93833695289885 10.03 639 0 23856.47768163118 200.0 3.6 0.0
11.761492479999994 334.2415803325239 11.18 304 0 29086.059063613036 200.0 3.9375 0.0
11.761492479999994 246.6985534979023 14.2 137 0 29639.305352030766 200.0 4.55 0.0
9.145492480000007 181.50354051303557 16.87 274 0 26307.872240437082 200.0 5.11 0.0
8.743594975781363 127.32859071521892 18.55 89 0 18544.483838296564 200.0 5.395 0.01
4.557120000000006 117.7089759410617 20.38 93 0 28338.668272075116 200.0 5.7325 0.01
4.557120000000006 100.0835865487005 20.32 64 0 22600.51767013179 200.0 5.7825 0.01
4.557120000000006 113.12268131040844 24.38 83 0 43309.073014366695 200.0 6.2625 0.01
3.944304526105059E-30 82.82642535030001 22.34 56 0 20105.604169335867 200.0 6.0125 0.01
3.944304526105059E-30 101.79799878335145 24.85 62 0 60706.74935100138 200.0 6.455 0.01
3.944304526105059E-30 81.16979209934988 25.18 54 0 25214.994812952125 200.0 6.625 0.01
3.944304526105059E-30 95.2106788042709 25.7 56 0 49034.20164534506 200.0 6.795 0.01
3.944304526105059E-30 61.21065439540383 25.17 44 0 12407.08506184651 200.0 6.825 0.01
3.944304526105059E-30 50.89630301703815 26.69 45 0 9289.613318121199 200.0 7.005 0.02
3.944304526105059E-30 37.4642900633712 26.53 38 0 6579.014931169455 200.0 7.05 0.03
3.944304526105059E-30 34.76367100371118 26.12 33 0 6757.837701188946 200.0 7.0275 0.04
3.944304526105059E-30 34.60125441700096 25.97 44 0 6619.227174793157 200.0 6.9375 0.05
3.944304526105059E-30 48.08853818497715 26.63 38 0 10824.327477699919 200.0 6.905 0.060000000000000005
3.944304526105059E-30 56.395180521712675 28.86 45 0 23191.1500172761 200.0 7.1875 0.07
3.944304526105059E-30 47.03177763172913 28.6 44 0 14161.30676260806 200.0 7.15 0.08
3.944304526105059E-30 31.731872720920613 27.06 42 0 6947.359508664568 200.0 7.0275 0.09
3.944304526105059E-30 34.514099114357144 28.45 75 0 9328.054743783758 200.0 7.15 0.09999999999999999
3.944304526105059E-30 32.320124386611226 27.9 67 0 7821.711837461455 200.0 7.0325 0.10999999999999999
3.944304526105059E-30 36.12119109604475 28.51 83 0 9507.647988652185 200.0 7.11 0.11999999999999998
3.944304526105059E-30 25.63972134867991 28.36 117 0 4275.6640250211685 200.0 7.1525 0.12999999999999998
3.944304526105059E-30 41.342075779032285 27.71 32 0 11667.096151144284 200.0 7.025 0.13999999999999999
3.944304526105059E-30 25.991363443014876 26.81 26 0 5466.192865801947 200.0 6.98 0.15
3.944304526105059E-30 30.49001066689238 26.65 35 0 7750.823522991193 200.0 6.93 0.16
3.944304526105059E-30 36.45077883574396 27.9 34 0 8564.249652015753 200.0 7.055 0.17
3.944304526105059E-30 36.64554008415375 28.8 33 0 8725.299977950935 200.0 7.12 0.18000000000000002
3.944304526105059E-30 34.28196579396503 29.2 32 0 7732.160162140903 200.0 7.1325 0.19000000000000003
3.944304526105059E-30 37.1651062386334 29.59 38 0 11731.723526537502 200.0 7.1825 0.20000000000000004
3.944304526105059E-30 39.78467064948219 27.25 31 0 14579.447047100579 200.0 7.03 0.21000000000000005
3.944304526105059E-30 28.193993287025965 27.44 37 0 6161.989728306471 200.0 7.065 0.22000000000000006
3.944304526105059E-30 32.4552071804093 27.1 32 0 6997.858804874133 200.0 6.98 0.23000000000000007
3.944304526105059E-30 51.646112307252714 28.51 31 0 50284.46744498871 200.0 7.075 0.24000000000000007
3.944304526105059E-30 45.178179440533 29.97 31 0 15265.424796583506 200.0 7.155 0.25000000000000006
3.944304526105059E-30 28.906096800161876 27.71 25 0 7947.934353974909 200.0 7.0175 0.26000000000000006
3.944304526105059E-30 34.490217202716074 27.91 26 0 8320.121626345906 200.0 7.045 0.2700000000000001
3.944304526105059E-30 41.251236595553316 29.48 26 0 10096.577868935561 200.0 7.165 0.2800000000000001
3.944304526105059E-30 41.80225655680196 28.35 21 0 10409.764325441018 200.0 7.0825 0.2900000000000001
3.944304526105059E-30 37.51176785193489 27.17 24 0 9115.789846163412 200.0 6.995 0.3000000000000001
3.944304526105059E-30 31.104825714259576 29.01 32 0 6162.653089747505 200.0 7.1925 0.3100000000000001
3.944304526105059E-30 32.07876746511883 27.28 36 0 7912.702303509556 200.0 6.97 0.3200000000000001
3.944304526105059E-30 26.625836629935282 27.57 32 0 5244.854978666484 200.0 7.09 0.3300000000000001
3.944304526105059E-30 70.02054022718262 29.49 50 0 358508.3479549355 200.0 7.1925 0.34000000000000014
3.944304526105059E-30 31.206843025631247 28.53 41 0 5158.393827757154 200.0 7.12 0.35000000000000014
3.944304526105059E-30 27.779075551796105 28.02 44 0 5911.910381395109 200.0 7.105 0.36000000000000015
3.944304526105059E-30 28.88519421469055 27.07 39 0 6813.308086969289 200.0 7.0 0.37000000000000016
3.944304526105059E-30 35.5315967031497 28.21 50 0 9280.623153095656 200.0 7.0375 0.38000000000000017
3.944304526105059E-30 41.989541212372885 29.26 32 0 9919.839869801177 200.0 7.1425 0.3900000000000002
3.944304526105059E-30 46.082245351897036 28.48 31 0 9729.505105250362 200.0 7.04 0.4000000000000002
3.944304526105059E-30 34.16986719283942 29.08 29 0 6427.787609989313 200.0 7.1675 0.4100000000000002
3.944304526105059E-30 53.35536636024254 29.08 33 0 17752.357570943 200.0 7.135 0.4200000000000002
3.944304526105059E-30 35.19933345561056 27.64 26 0 7946.352489896477 200.0 7.0025 0.4300000000000002
3.944304526105059E-30 47.10614420155352 28.06 26 0 28552.078134358035 200.0 7.06 0.4400000000000002
3.944304526105059E-30 34.53602806489556 26.45 26 0 9178.8008850634 200.0 6.9125 0.45000000000000023
3.944304526105059E-30 37.14711892550137 27.57 24 0 8334.555558607657 200.0 7.045 0.46000000000000024
3.944304526105059E-30 36.593007204193334 27.13 15 0 6831.977836621824 200.0 6.97 0.47000000000000025
3.944304526105059E-30 41.00327759478272 29.39 36 0 9261.003495157549 200.0 7.215 0.48000000000000026
3.944304526105059E-30 54.30152712182321 29.06 25 0 59568.21878991462 200.0 7.115 0.49000000000000027
3.944304526105059E-30 33.288408003256436 29.72 34 0 7197.76039729992 200.0 7.21 0.5000000000000002
3.944304526105059E-30 29.253315824139623 26.72 16 0 6310.7879857015505 200.0 6.96 0.5100000000000002
3.944304526105059E-30 32.64542683182821 28.15 24 0 7833.690129233856 200.0 7.11 0.5200000000000002
3.944304526105059E-30 33.86654350052366 30.44 33 0 11475.957597340659 200.0 7.245 0.5300000000000002
3.944304526105059E-30 42.84891567380139 28.82 32 0 12613.150472455314 200.0 7.11 0.5400000000000003
3.944304526105059E-30 40.773049236535165 27.79 26 0 10473.805470099689 200.0 7.0575 0.5500000000000003
3.944304526105059E-30 34.25237268680026 28.38 25 0 6404.937372516848 200.0 7.1275 0.5600000000000003
3.944304526105059E-30 27.65073968163681 27.79 24 0 5773.215962959666 200.0 7.14 0.5700000000000003
3.944304526105059E-30 25.946437862240273 27.94 20 0 5201.840052641919 200.0 7.08 0.5800000000000003
3.944304526105059E-30 30.71797220345166 28.57 26 0 6889.167124330469 200.0 7.165 0.5900000000000003
3.944304526105059E-30 33.746508587488435 28.14 25 0 6998.723155037056 200.0 7.0725 0.6000000000000003
3.944304526105059E-30 60.88332582679864 28.94 30 0 67258.99828825085 200.0 7.11 0.6100000000000003
3.944304526105059E-30 35.8516240290489 26.41 31 0 8702.862636270216 200.0 6.8925 0.6200000000000003
3.944304526105059E-30 28.241985455085615 27.09 27 0 6549.521121446817 200.0 6.985 0.6300000000000003
3.944304526105059E-30 49.654783043189624 28.66 29 0 46099.98150915798 200.0 7.14 0.6400000000000003
3.944304526105059E-30 34.62975621212093 26.69 27 0 7872.965737564212 200.0 6.985 0.6500000000000004
3.944304526105059E-30 43.732520274053606 28.65 27 0 12939.101795137904 200.0 7.1375 0.6600000000000004
3.944304526105059E-30 41.66443324388187 28.91 35 0 12840.223578119003 200.0 7.155 0.6700000000000004
3.944304526105059E-30 41.47226294319252 28.15 29 0 13401.573068881095 200.0 7.13 0.6800000000000004
3.944304526105059E-30 29.198271262796275 28.34 26 0 6157.361648674696 200.0 7.105 0.6900000000000004
3.944304526105059E-30 38.00720725222812 27.89 29 0 11946.205383555249 200.0 7.0075 0.7000000000000004
3.944304526105059E-30 25.590739909177437 29.89 45 0 4212.908605974718 200.0 7.2775 0.7100000000000004
3.944304526105059E-30 45.08285721497931 28.28 32 0 12072.875243200939 200.0 7.0475 0.7200000000000004
3.944304526105059E-30 41.235665200716156 28.71 25 0 18755.315731320443 200.0 7.1025 0.7300000000000004
3.944304526105059E-30 32.82409315563861 28.55 17 0 7371.211503033122 200.0 7.1225 0.7400000000000004
3.944304526105059E-30 55.15126320518879 28.58 28 0 25923.609786387926 200.0 7.08 0.7500000000000004
3.944304526105059E-30 46.35910316104556 28.61 25 0 10273.155230076469 200.0 7.07 0.7600000000000005
3.944304526105059E-30 31.55108940241069 27.98 22 0 7238.289146758245 200.0 7.0075 0.7700000000000005
3.944304526105059E-30 63.01096690709615 28.95 28 0 85967.91900586017 200.0 7.125 0.7800000000000005
3.944304526105059E-30 45.73638826893369 28.75 20 0 10569.374609596887 200.0 7.145 0.7900000000000005
3.944304526105059E-30 73.75324493498505 31.3 22 0 93555.9520070908 200.0 7.4275 0.8000000000000005
3.944304526105059E-30 40.79649676049109 29.17 26 0 10761.260916667345 200.0 7.2275 0.8100000000000005
3.944304526105059E-30 38.59450050238827 28.89 31 0 9462.940680635344 200.0 7.1325 0.8200000000000005
3.944304526105059E-30 36.27417968163343 28.35 31 0 8026.344934250444 200.0 7.135 0.8300000000000005
3.944304526105059E-30 32.7306282920364 28.91 24 0 6956.221870414451 200.0 7.1625 0.8400000000000005
3.944304526105059E-30 27.80554168748408 28.31 15 0 4993.595006670216 200.0 7.1375 0.8500000000000005
3.944304526105059E-30 26.01856964021056 27.72 20 0 4852.196955109836 200.0 7.07 0.8600000000000005
3.944304526105059E-30 34.927619262836885 27.72 22 0 7950.676206559377 200.0 7.07 0.8700000000000006
3.944304526105059E-30 26.856189427882647 28.75 25 0 5680.879533691773 200.0 7.1675 0.8800000000000006
