#bestFitness averageFitness averageUsedGeneLength time invalids varFitness aveLength aveDerivationTreeDepth SlopeMutRate
39.16117248000005 975.2775496928912 17.013698630136986 840 35 1.986589270438115E7 200.0 4.457534246575342 0.0
9.14549248000001 479.48695095460687 12.37 449 0 29624.722896807456 200.0 3.975 0.0
9.14549248000001 412.02166193368527 13.31 113 0 34929.38183637473 200.0 4.2125 0.0
9.14549248000001 357.5949430871422 18.79 153 0 35866.704764849426 200.0 5.1975 0.0
9.14549248000001 326.37143929807314 21.77 93 0 58957.286858459345 200.0 5.55 0.0
9.145492480000007 245.06809921095 22.8 97 0 41710.822518367175 200.0 5.67 0.01
9.145492480000007 184.16220755549702 24.39 92 0 30361.111565759875 200.0 5.925 0.01
9.145492480000007 224.8081244081007 24.87 87 0 333720.0490665937 200.0 6.015 0.01
6.075501015786129 151.24604781145774 23.54 73 0 92843.75401326854 200.0 5.8675 0.01
5.776212480000021 261.0653656015215 26.23 77 0 1015880.0796491232 200.0 6.16 0.01
5.776212480000021 177.08359840570162 25.93 91 0 376811.51048087375 200.0 6.18 0.01
5.776212480000021 1825.023926976606 27.67 66 0 2.7365036745066595E8 200.0 6.37 0.01
5.776212480000021 172.08145454785253 25.63 66 0 203204.9805372653 200.0 6.195 0.01
5.776212480000021 288.128095957889 26.21 60 0 1522238.5971390253 200.0 6.3575 0.01
5.776212480000021 214.307816560148 27.42 49 0 344144.7984083636 200.0 6.57 0.02
5.776212480000021 148.6676162783268 27.36 52 0 135732.72439738925 200.0 6.6125 0.03
5.776212480000021 487.78082436310893 27.7 48 0 1.9144841191134196E7 200.0 6.7 0.04
5.394772480000003 960.4129234960772 28.66 44 0 4.8817984871968724E7 200.0 6.7975 0.05
5.394772480000003 723.540123670671 31.854636591478698 47 1 2.429403885139913E7 200.0 7.050125313283208 0.01
5.394772480000003 141.584361741537 28.25 47 0 139578.80615625094 200.0 6.7025 0.01
5.394772480000003 318.0203430552749 30.88 59 0 2314371.1972483634 200.0 6.9675 0.01
5.394772480000003 158.0049122866221 31.65 69 0 127690.4377341136 200.0 6.9525 0.01
4.74513134384765 149.45867211736814 32.26 64 0 122654.19869415209 200.0 6.9725 0.02
4.74513134384765 666.8543774927738 35.8 64 0 2.797693171322897E7 200.0 7.165 0.01
4.74513134384765 4575.553405605103 36.484848484848484 47 4 3.507455859267803E9 200.0 7.222222222222222 0.01
4.74513134384765 564.0473637295039 38.94 48 0 1.2271529573125832E7 200.0 7.4125 0.01
4.74513134384765 1164.228415118041 37.93984962406015 44 1 1.368968572323081E8 200.0 7.223057644110276 0.01
4.74513134384765 126.43351544455982 37.12 45 0 40917.29924680631 200.0 6.9725 0.02
4.74513134384765 195.1906558494776 39.13 46 0 228861.25433322132 200.0 7.15 0.03
4.74513134384765 158.76422066106971 39.86 39 0 82816.49789614836 200.0 7.2025 0.04
4.74513134384765 222.03402398828018 44.49 73 0 279330.61338006746 200.0 7.6975 0.05
4.74513134384765 375.08676045916246 41.57 44 0 1566788.046731765 200.0 7.4875 0.060000000000000005
4.74513134384765 307.9539365092844 43.61 56 0 518625.3273585073 200.0 7.6 0.07
4.744967333459477 2446.9434489337264 44.93 57 0 1.05897966546697E9 200.0 7.8175 0.08
4.744967333459477 1890.5405967037514 43.83 49 0 5.1513305593694043E8 200.0 7.765 0.01
4.744967333459477 350.77291332978507 45.27 75 0 1403232.929329937 200.0 7.8875 0.01
4.744967333459477 240.84458625501753 45.2 82 0 290869.72752610175 200.0 7.8025 0.01
4.472689737893371 215.72303924687924 45.68 88 0 158201.72808209958 200.0 8.0725 0.01
4.472689737893371 2904.7414662008314 47.53 74 0 1.0390756267756848E9 200.0 8.27 0.01
3.877911780999241 488.0153863647675 50.82 42 0 2183875.2484612684 200.0 8.605 0.01
3.877911780999241 614.6342309976385 51.3 44 0 3273984.850459504 200.0 8.69 0.01
3.877911780999241 515.3037469357538 49.91 41 0 2158752.4349487917 200.0 8.55 0.01
3.877911780999241 569.7070246367674 49.67 52 0 3593078.3324591178 200.0 8.4725 0.01
3.877911780999241 352.5182957211809 48.34 45 0 786078.0021457729 200.0 8.485 0.01
3.0197323187714558 842.3357200619603 50.13 48 0 2.6541010833241533E7 200.0 8.6525 0.02
3.0197323187714558 890.2016384795777 51.31 62 0 4.54976021399032E7 200.0 8.8375 0.01
3.0197323187714558 663.0615595120705 51.2 48 0 8517639.42371215 200.0 8.7925 0.01
3.0197323187714558 329.0223123595712 50.04 39 0 597154.6534702893 200.0 8.55 0.01
3.0197323187714558 309.6160929543848 54.75 48 0 636705.2463952482 200.0 9.0775 0.01
3.0197323187714558 478.01551908601454 55.6 52 0 2068169.2760794985 200.0 9.0525 0.02
3.0197323187714558 569.8935597457468 53.9 56 0 2636072.8447368643 200.0 8.8425 0.03
2.993398606507116 599.8776913915884 55.09 60 0 3624953.9350720183 200.0 9.0275 0.04
2.993398606507116 669.7238522173319 57.24 52 0 4858652.490370359 200.0 9.2825 0.01
1.8714051862364633 734.5389497804015 55.6 42 0 5662122.1922222935 200.0 9.2025 0.01
1.8714051862364633 682.5111463014329 53.48 47 0 9587820.911451394 200.0 9.0725 0.01
1.8714051862364633 375.72979555746866 53.53 39 0 625613.0664542787 200.0 9.02 0.01
1.8714051862364633 974.9950468342385 54.02 49 0 1.338316786393732E7 200.0 9.11 0.01
1.8714051862364633 466.5685918348388 55.14 51 0 747392.2956245309 200.0 9.185 0.01
1.8133519192583756 1345.5884946379724 53.72 36 0 4.9300052045830734E7 200.0 9.16 0.02
1.8133519192583756 618.7294750660944 52.7 45 0 2619102.0485596405 200.0 8.9725 0.01
1.8133519192583756 441.4161640189188 50.42 34 0 1277795.9074331692 200.0 8.82 0.01
1.8133519192583756 282.2540668471942 49.86 37 0 315862.61612282594 200.0 8.8375 0.01
1.8133519192583756 524.7317594327543 48.24 32 0 3064569.609308534 200.0 8.73 0.01
1.8133519192583756 415.9946026520626 47.11 40 0 593480.0410866786 200.0 8.6175 0.02
1.6113127031639871 306.04088443271866 48.33 32 0 398427.1377366256 200.0 8.6675 0.03
1.6113127031639871 595.6377608931039 51.4 35 0 3593699.059919679 200.0 8.945 0.01
1.6113127031639871 459.8977980661801 49.61 30 0 1804235.401316414 200.0 8.8725 0.01
1.6113127031639871 564.1155629466574 53.0 37 0 3765330.1616538377 200.0 9.2325 0.01
1.6113127031639871 459.9155612042864 47.67 27 0 1573246.7194004438 200.0 8.6775 0.01
1.3825836858677054 619.876495323886 48.96 34 0 4959340.869732177 200.0 8.875 0.02
1.3825836858677054 502.83346820473247 49.01 30 0 2594723.024845377 200.0 8.87 0.01
1.3825836858677054 401.12381909279605 48.44 31 0 1242298.1577098847 200.0 8.805 0.01
1.3825836858677054 798.3792495489099 48.78 30 0 1.0101851484810036E7 200.0 8.75 0.01
1.3825836858677054 346.8708829159864 47.09 29 0 681725.7403440573 200.0 8.6 0.01
1.3825836858677054 754.3291975396708 46.51 30 0 1.7298991502259035E7 200.0 8.6075 0.02
1.3825836858677054 416.1051084042931 43.42 25 0 2573888.589428225 200.0 8.2125 0.03
1.3825836858677054 458.83127011930503 46.18 32 0 2183755.0168270366 200.0 8.425 0.04
1.3825836858677054 448.2649939374789 45.13 28 0 1711885.5888121026 200.0 8.395 0.05
1.3825836858677054 627.2242837631013 44.22 25 0 4228713.107558405 200.0 8.0675 0.060000000000000005
1.3825836858677054 628.3528588677677 45.45 28 0 3533281.380310054 200.0 8.4275 0.07
1.3825836858677054 609.0568516794557 43.05 28 0 6167325.9060396245 200.0 8.07 0.08
1.3825836858677054 454.3998007931402 43.32 27 0 1635988.4907167363 200.0 8.0475 0.09
1.3825836858677054 863.7299061198028 44.64 28 0 8983422.747350741 200.0 8.3225 0.09999999999999999
1.3423457916302517 739.7130664587494 43.71 31 0 6987492.522306827 200.0 8.1775 0.10999999999999999
1.3408496319851804 1018.415634404082 44.67 31 0 1.4754670022916116E7 200.0 8.155 0.01
1.3408496319851804 568.1239921747135 43.86 27 0 2675543.539777392 200.0 8.11 0.01
1.2883164188008995 915.831236407309 46.58 29 0 1.0988750099103509E7 200.0 8.3625 0.01
1.2883164188008995 318.36695074553586 43.55 26 0 435748.4182053874 200.0 7.9825 0.01
1.2883164188008995 1180.2961869270562 44.35 26 0 3.843557649884858E7 200.0 8.1025 0.01
1.2883164188008995 536.6077844882358 46.74 26 0 3707531.6505096178 200.0 8.36 0.01
1.2883164188008995 314.7375253425166 46.17 30 0 1354754.9268442735 200.0 8.2375 0.01
1.2883164188008995 321.5820142280376 45.24 28 0 734471.8625382045 200.0 8.1075 0.02
1.2883164188008995 377.8441898813718 44.68 25 0 1752484.520063017 200.0 8.0125 0.03
1.2883164188008995 466.8043101472268 46.01 27 0 2345811.754447153 200.0 8.155 0.04
1.2883164188008995 423.7962315821958 46.02 26 0 2271604.088860931 200.0 8.0375 0.05
1.1304663152035608 493.9598792553871 45.64 25 0 6775122.864887111 200.0 8.1225 0.060000000000000005
1.1304663152035608 829.4714885166165 46.62 27 0 1.5687032644150335E7 200.0 8.2125 0.01
1.1304663152035608 675.5199021416506 46.83 33 0 8743611.694221376 200.0 8.21 0.01
1.1304663152035608 569.1238258602546 45.62 27 0 3382428.333616522 200.0 8.155 0.01
1.1304663152035608 407.8386084131255 43.51 24 0 2751951.90350143 200.0 7.8575 0.01
1.1304663152035608 710.2249798260342 42.4 22 0 1.6515876519750819E7 200.0 7.73 0.02
