#bestFitness averageFitness averageUsedGeneLength time invalids varFitness aveLength aveDerivationTreeDepth SlopeMutRate
34.90421248000004 692.2685318662388 12.571428571428571 971 22 1786708.2874897362 200.0 3.8518518518518516 0.0
34.90421248000004 449.2752622635463 7.22 502 0 17507.817672195575 200.0 3.0925 0.0
15.389332480000029 378.5727004425495 7.84 130 0 20355.010668316834 200.0 3.28 0.0
12.532372479999985 303.3948715569394 9.84 139 0 22015.263523058933 200.0 3.69 0.0
12.53237247999998 229.20060560880538 13.01 211 0 20241.57955642104 200.0 4.2625 0.0
11.761492479999982 158.34093023060723 13.32 161 0 14415.97801369447 200.0 4.4625 0.01
5.39477248000001 100.91120169587418 14.73 151 0 7977.776174848824 200.0 4.72 0.01
5.39477248000001 72.65672068902965 16.55 97 0 7156.35994123453 200.0 5.0625 0.01
5.39477248000001 89.73122001798654 16.62 117 0 24364.715459399456 200.0 5.0925 0.01
5.39477248000001 66.19170831296935 16.81 97 0 12769.418379349687 200.0 5.11 0.01
5.39477248000001 44.68790210079792 16.22 95 0 7735.585017504785 200.0 5.0325 0.01
5.39477248000001 43.146641838839315 16.88 184 0 7333.781585520544 200.0 5.0775 0.02
5.39477248000001 28.424017927206087 16.54 87 0 3254.472048119289 200.0 5.0375 0.03
5.39477248000001 31.162550736367315 16.39 70 0 4685.983117752697 200.0 5.02 0.04
5.39477248000001 20.980446423811223 16.18 106 0 1718.0780322802543 200.0 5.01 0.05
5.39477248000001 27.846997899011217 16.22 58 0 3357.184056810032 200.0 5.01 0.060000000000000005
5.39477248000001 22.765966369597944 16.1 73 0 2114.5525191531215 200.0 5.01 0.07
5.39477248000001 24.0897103873639 16.56 55 0 2624.4638040661007 200.0 5.08 0.08
5.39477248000001 30.5082081278372 16.35 61 0 3857.590232264496 200.0 5.0325 0.09
5.39477248000001 25.521621505404237 16.1 63 0 2615.5515605689598 200.0 5.0175 0.09999999999999999
5.39477248000001 22.448355173248572 16.14 70 0 2414.7472841115255 200.0 5.0175 0.10999999999999999
5.39477248000001 21.660304883831667 16.05 57 0 1992.5116611209096 200.0 5.0025 0.11999999999999998
5.39477248000001 28.650997473435105 16.19 68 0 5113.947781509347 200.0 5.01 0.12999999999999998
5.39477248000001 24.35762967824347 16.08 47 0 2804.1438545689375 200.0 5.015 0.13999999999999999
5.39477248000001 21.9387815039604 16.15 103 0 2256.947308415921 200.0 5.0275 0.15
5.39477248000001 22.45143238454807 16.07 51 0 2009.043537177103 200.0 5.0125 0.16
5.39477248000001 20.347106952620173 15.76 50 0 1555.9962090552622 200.0 5.0075 0.17
5.39477248000001 30.082477551069665 15.93 73 0 4086.20126370435 200.0 5.0275 0.18000000000000002
5.39477248000001 20.997568665494256 15.66 55 0 2192.870378203985 200.0 5.0125 0.19000000000000003
5.39477248000001 20.470680718657274 15.7 45 0 2387.751374635867 200.0 5.0325 0.20000000000000004
5.394772480000003 23.490408035818078 15.52 64 0 2330.9719217029046 200.0 5.005 0.21000000000000005
5.394772480000003 32.970883204541934 15.45 89 0 3630.398451495496 200.0 5.0325 0.01
5.394772480000003 23.286739596694257 15.3 46 0 2364.620106770189 200.0 5.015 0.01
5.394772480000003 32.33647599250584 15.45 40 0 4900.831765225213 200.0 5.0225 0.01
5.394772480000003 20.598335948800027 15.74 39 0 1866.5627491608525 200.0 5.05 0.01
5.394772480000003 22.165864725124667 17.0 26 0 2284.8288544284947 200.0 5.175 0.02
5.394772480000003 25.583277180787665 17.84 67 0 2548.93829865959 200.0 5.2425 0.03
5.394772480000003 31.923524941510337 17.86 42 0 5528.563983924208 200.0 5.2325 0.04
5.394772480000003 31.181606608428666 18.78 33 0 4321.547946255291 200.0 5.3225 0.05
5.394772480000003 37.41669412842461 19.87 33 0 7827.145253043177 200.0 5.43 0.060000000000000005
5.394772480000003 43.29485875518698 20.6 51 0 9771.20682930661 200.0 5.4925 0.07
5.394772480000003 28.432363365454545 22.42 60 0 2504.1060967048775 200.0 5.65 0.08
5.394772480000003 25.39775074021359 22.6 36 0 2356.30959312579 200.0 5.6775 0.09
5.394772480000003 38.939771150346466 23.67 35 0 8482.799169363874 200.0 5.775 0.09999999999999999
5.394772480000003 32.913441415780994 24.28 45 0 4638.088530634788 200.0 5.8375 0.10999999999999999
5.394772480000003 31.84751157924643 24.88 34 0 4181.94312203483 200.0 5.885 0.11999999999999998
5.394772480000003 28.23569341034485 25.12 43 0 2637.0696317098987 200.0 5.9175 0.12999999999999998
5.394772480000003 26.539384307517356 25.53 34 0 2715.9584622713473 200.0 5.96 0.13999999999999999
5.394772480000003 24.28379103727717 25.87 105 0 2877.815494214129 200.0 5.9875 0.15
5.394772480000003 22.97999751738678 25.75 52 0 2051.4069146403867 200.0 5.9775 0.16
5.394772480000003 26.205779402316224 25.82 51 0 2365.918333033254 200.0 5.985 0.17
5.394772480000003 26.360222694328204 25.82 52 0 2422.940677481253 200.0 5.985 0.18000000000000002
5.394772480000003 22.391105362187982 25.94 48 0 1063.785166959476 200.0 5.995 0.19000000000000003
5.394772480000003 23.458537586495005 25.94 22 0 1927.5654291135754 200.0 5.995 0.20000000000000004
5.394772480000003 22.677830394681823 25.97 30 0 2442.4037630377493 200.0 5.9975 0.21000000000000005
5.394772480000003 22.067554283476028 25.97 36 0 1981.5776002433354 200.0 5.9975 0.22000000000000006
5.394772480000003 17.828109426532333 25.97 26 0 813.3890122991829 200.0 5.9975 0.23000000000000007
5.394772480000003 22.058522926876485 26.0 36 0 1898.4053073161474 200.0 6.0 0.24000000000000007
5.394772480000003 21.945478610703873 26.0 30 0 1525.4910575730785 200.0 6.0 0.25000000000000006
5.394772480000003 22.36238311850213 26.0 52 0 1289.11025532732 200.0 6.0 0.26000000000000006
5.394772480000003 22.706813843328426 26.0 21 0 2606.816199466294 200.0 6.0 0.2700000000000001
5.394772480000003 23.98062397543579 26.0 28 0 2526.3976884624785 200.0 6.0 0.2800000000000001
5.394772480000003 28.279387797672555 26.0 23 0 3739.157309150448 200.0 6.0 0.2900000000000001
5.394772480000003 18.68788128384022 26.0 27 0 774.8627469345796 200.0 6.0 0.3000000000000001
5.394772480000003 18.618622846376642 26.0 43 0 956.3218763205182 200.0 6.0 0.3100000000000001
5.394772480000003 24.05286251723849 26.0 44 0 2229.342131647326 200.0 6.0 0.3200000000000001
5.394772480000003 22.954535462360017 26.0 25 0 1469.6448141720393 200.0 6.0 0.3300000000000001
5.394772480000003 23.826479492320708 26.0 60 0 1936.5523765156522 200.0 6.0 0.34000000000000014
5.394772480000003 23.314045689760164 26.0 15 0 2280.3159977050327 200.0 6.0 0.35000000000000014
5.394772480000003 24.960358313218435 26.0 29 0 2635.0128481595107 200.0 6.0 0.36000000000000015
5.394772480000003 22.007531200418594 26.0 119 0 1348.072148642528 200.0 6.0 0.37000000000000016
5.394772480000003 21.905825761955484 26.0 19 0 1686.7173978788228 200.0 6.0 0.38000000000000017
5.394772480000003 20.211741544783 26.0 39 0 1623.9550696929748 200.0 6.0 0.3900000000000002
5.394772480000003 21.72132471183012 26.0 19 0 1262.5791963461356 200.0 6.0 0.4000000000000002
5.394772480000003 21.038296670293466 26.0 30 0 1616.8306908963991 200.0 6.0 0.4100000000000002
5.394772480000003 19.471758891869737 26.0 25 0 1731.1616912957054 200.0 6.0 0.4200000000000002
5.394772480000003 16.45516788181072 26.0 32 0 705.1065900969811 200.0 6.0 0.4300000000000002
5.394772480000003 17.425427265156987 26.0 22 0 877.9672754387949 200.0 6.0 0.4400000000000002
5.394772480000003 24.946259117967397 26.0 55 0 3018.330770786565 200.0 6.0 0.45000000000000023
5.394772480000003 18.345883922968472 26.0 22 0 850.7258627865539 200.0 6.0 0.46000000000000024
5.394772480000003 21.19759961373434 26.0 25 0 1908.4879358194216 200.0 6.0 0.47000000000000025
5.394772480000003 16.68536643803991 26.0 56 0 684.8100256330005 200.0 6.0 0.48000000000000026
5.394772480000003 21.923954363053436 26.0 43 0 1523.5778481733423 200.0 6.0 0.49000000000000027
5.394772480000003 22.917421862304128 26.0 51 0 2268.6119737844633 200.0 6.0 0.5000000000000002
5.394772480000003 17.05130052787611 26.0 36 0 806.6672672040676 200.0 6.0 0.5100000000000002
5.394772480000003 19.115458893071988 26.0 44 0 932.8587570013026 200.0 6.0 0.5200000000000002
5.394772480000003 24.621623556823124 26.0 33 0 3113.934373790652 200.0 6.0 0.5300000000000002
5.394772480000003 23.410441160119632 26.0 36 0 2526.482640888295 200.0 6.0 0.5400000000000003
5.394772480000003 21.945940809028748 26.0 33 0 1502.032090287463 200.0 6.0 0.5500000000000003
5.394772480000003 24.1582799114869 26.0 15 0 2589.5321631151633 200.0 6.0 0.5600000000000003
5.394772480000003 22.635955379722603 26.0 23 0 2048.327444844305 200.0 6.0 0.5700000000000003
5.394772480000003 29.98168822855099 26.0 26 0 4007.171716178025 200.0 6.0 0.5800000000000003
5.394772480000003 19.898817924876194 26.0 25 0 1226.0134455958832 200.0 6.0 0.5900000000000003
5.394772480000003 19.59011416357754 26.0 25 0 1042.9338420135991 200.0 6.0 0.6000000000000003
5.394772480000003 23.384824626400604 26.0 26 0 2495.7105921606717 200.0 6.0 0.6100000000000003
5.394772480000003 22.11046714322638 26.0 17 0 1525.6236721362757 200.0 6.0 0.6200000000000003
5.394772480000003 21.90318861698696 26.0 28 0 1641.1980687033426 200.0 6.0 0.6300000000000003
5.394772480000003 22.46733843796224 26.0 18 0 1870.9715604578016 200.0 6.0 0.6400000000000003
5.394772480000003 30.183854163843876 26.0 18 0 4009.620077744756 200.0 6.0 0.6500000000000004
5.394772480000003 23.848406862344 26.0 17 0 1927.3153183049528 200.0 6.0 0.6600000000000004
1.7429324800000008 23.357610786610593 26.0 15 0 1522.730292441256 200.0 6.0 0.6700000000000004
