#bestFitness averageFitness averageUsedGeneLength time invalids varFitness aveLength aveDerivationTreeDepth SlopeMutRate
34.90421248000004 396864.25748307415 16.779291553133515 1247 33 5.69264686462549E13 200.0 4.283378746594005 0.0
34.90421248000004 456.7622404481072 9.99 598 0 17412.608927730864 200.0 3.49 0.0
7.027821015786133 382.04641475869636 12.18 223 0 21736.35580848553 200.0 4.0175 0.0
6.32917247999999 310.68580760370986 14.85 131 0 24001.529904369858 200.0 4.59 0.0
5.39477248000001 235.6511590478598 18.39 152 0 23236.87273065077 200.0 5.2925 0.0
5.394772480000004 183.5748400215586 21.27 135 0 25816.46321090667 200.0 5.825 0.01
3.9915724800000114 143.89789055802578 22.04 162 0 22399.295245049583 200.0 6.125 0.01
3.9915724800000114 115.83207994623433 24.69 227 0 19948.36752924846 200.0 6.56 0.01
3.9915724800000114 111.66026480826565 24.77 125 0 26666.849592688042 200.0 6.675 0.01
3.9915724800000114 117.97636147016122 27.25 175 0 36330.063871137536 200.0 6.9925 0.01
2.01013248 105.86002781066526 29.72 175 0 30845.198793664364 200.0 7.2875 0.01
2.01013248 87.63824355408586 29.92 133 0 18311.538423268175 200.0 7.315 0.01
2.01013248 92.37659308865778 30.64 198 0 28010.25097506649 200.0 7.4175 0.01
2.01013248 60.35160482064194 31.02 73 0 9212.687893605427 200.0 7.4425 0.01
2.01013248 62.58941841903586 32.2 61 0 11888.842074769409 200.0 7.5675 0.01
2.01013248 42.952552227889875 33.26 81 0 5160.356472282383 200.0 7.72 0.02
2.01013248 37.351836024084236 33.14 58 0 4281.251617415376 200.0 7.785 0.03
2.01013248 47.85853160694085 33.58 70 0 7951.323377347102 200.0 7.8975 0.04
2.01013248 33.24920595699634 33.89 54 0 4050.171645043778 200.0 7.96 0.05
2.01013248 37.6023660739892 33.92 76 0 5098.598427476273 200.0 7.9825 0.060000000000000005
2.01013248 32.059127790576596 34.0 76 0 4792.060220700797 200.0 7.995 0.07
2.01013248 29.62524467065886 34.03 98 0 3704.073737950742 200.0 8.0 0.08
2.0101324799999936 43.912014057102716 34.0 82 0 8727.981661343709 200.0 8.0 0.09
2.0101324799999936 27.28774266778534 34.0 59 0 3358.4822359388704 200.0 8.0 0.01
2.0101324799999936 27.396183561295274 34.03 76 0 3407.6912743891157 200.0 8.0025 0.01
2.0101324799999936 30.694914986945292 34.0 61 0 4820.943216001408 200.0 8.0 0.01
2.0101324799999936 27.27828718788778 34.0 47 0 2894.5418344478585 200.0 8.0 0.01
2.0101324799999936 24.50132268094504 34.0 68 0 2948.220736581298 200.0 8.0 0.02
2.0101324799999936 24.441463357784365 34.0 89 0 3321.520350947139 200.0 8.0 0.03
2.0101324799999936 26.408700822004292 34.0 76 0 3374.4497497074058 200.0 8.0 0.04
2.0101324799999936 22.14581205958219 34.0 96 0 2327.9455406787206 200.0 8.0 0.05
2.0101324799999936 27.025253352854925 34.0 57 0 3150.897995946775 200.0 8.0 0.060000000000000005
2.0101324799999936 34.81973864200406 34.0 82 0 7362.759068822332 200.0 8.0 0.07
2.0101324799999936 25.816377919076352 34.0 37 0 2687.5897325370697 200.0 8.0 0.08
2.0101324799999936 25.307277325175882 34.0 46 0 3832.7803506237433 200.0 8.0 0.09
2.0101324799999936 21.751407957315287 34.0 29 0 1883.1578703411897 200.0 8.0 0.09999999999999999
2.0101324799999936 29.391976959438402 34.0 51 0 4046.8284959692 200.0 8.0 0.10999999999999999
2.0101324799999936 29.185721706419653 34.0 65 0 5331.632294568664 200.0 8.0 0.11999999999999998
2.0101324799999936 19.584492214376205 34.0 67 0 1958.3373633262363 200.0 8.0 0.12999999999999998
0.7429324799999965 19.52756980825073 34.0 81 0 1530.8806055979956 200.0 8.0 0.13999999999999999
0.7429324799999965 21.904523877461124 34.0 160 0 1812.3854138652218 200.0 8.0 0.01
0.7429324799999965 24.6826430710235 34.0 95 0 3569.8752133296816 200.0 8.0 0.01
0.7429324799999965 23.522686739525614 34.0 57 0 2646.6169047298736 200.0 8.0 0.01
0.7429324799999965 29.40645069876707 34.0 47 0 4652.3592526104385 200.0 8.0 0.01
0.7429324799999965 25.79190067682831 34.0 92 0 2702.737906011111 200.0 8.0 0.02
0.7429324799999965 34.046027741518806 34.0 81 0 6436.721623594497 200.0 8.0 0.03
0.7429324799999965 16.84660068447667 34.0 51 0 1058.6188882520282 200.0 8.0 0.04
0.7429324799999965 23.45830446247078 34.0 54 0 3086.0576983840815 200.0 8.0 0.05
0.7429324799999965 23.08955997496436 34.0 31 0 1748.7520263547192 200.0 8.0 0.060000000000000005
0.7429324799999965 18.254146437818743 34.0 60 0 1445.8849859666561 200.0 8.0 0.07
0.7429324799999965 25.35058630041381 34.0 73 0 4330.507506025647 200.0 8.0 0.08
0.7429324799999965 30.899044545828083 34.0 40 0 4468.895387271343 200.0 8.0 0.09
0.7429324799999965 32.27854393058307 34.0 72 0 4204.908084374452 200.0 8.0 0.09999999999999999
0.7429324799999965 29.205707621575986 34.0 84 0 3887.4500209393245 200.0 8.0 0.10999999999999999
0.7429324799999965 35.311429780104916 34.0 70 0 6830.949537335582 200.0 8.0 0.11999999999999998
0.7429324799999965 42.569632713210325 34.0 57 0 10104.60629910148 200.0 8.0 0.12999999999999998
0.7429324799999965 44.843354501119464 34.0 47 0 11822.759490176564 200.0 8.0 0.13999999999999999
0.7429324799999965 28.648010611085976 34.0 39 0 3840.958213297407 200.0 8.0 0.15
0.7429324799999965 28.396657324010818 34.0 46 0 4847.837737953606 200.0 8.0 0.16
0.7429324799999965 27.982649037126535 34.0 39 0 3417.9665783788887 200.0 8.0 0.17
0.7429324799999965 38.91035589350624 34.0 58 0 7535.414354414591 200.0 8.0 0.18000000000000002
0.7429324799999965 39.44349542629213 34.0 50 0 7923.324848054286 200.0 8.0 0.19000000000000003
0.7429324799999965 24.60174213836711 34.0 56 0 3423.247668062867 200.0 8.0 0.20000000000000004
0.7429324799999965 30.706810933067473 34.0 46 0 6156.626964135236 200.0 8.0 0.21000000000000005
0.7429324799999965 30.315553766588497 34.0 50 0 4590.852403697126 200.0 8.0 0.22000000000000006
0.7429324799999965 27.506920007705784 34.0 37 0 3199.061959707113 200.0 8.0 0.23000000000000007
0.7429324799999965 26.99949723854468 34.0 51 0 3224.7818610569398 200.0 8.0 0.24000000000000007
0.7429324799999965 32.07915786199864 34.0 85 0 4388.611833823016 200.0 8.0 0.25000000000000006
0.7429324799999965 27.515436289292715 34.0 58 0 4555.074082471471 200.0 8.0 0.26000000000000006
0.7429324799999965 23.512668504512327 34.0 49 0 2752.5006170387896 200.0 8.0 0.2700000000000001
0.7429324799999965 45.08767603990658 34.0 68 0 10846.938944286254 200.0 8.0 0.2800000000000001
0.7429324799999965 38.070815708585826 34.0 83 0 7589.560253254534 200.0 8.0 0.2900000000000001
0.7429324799999965 36.45057414474589 34.0 98 0 7086.44347027416 200.0 8.0 0.3000000000000001
0.7429324799999965 32.84857567906217 34.0 50 0 5629.958930761055 200.0 8.0 0.3100000000000001
0.7429324799999965 36.95061801830504 34.0 50 0 6668.521907597261 200.0 8.0 0.3200000000000001
0.7429324799999965 28.98178381143466 34.0 28 0 4873.302936463344 200.0 8.0 0.3300000000000001
0.7429324799999965 37.606602848791596 34.0 50 0 9832.773382695843 200.0 8.0 0.34000000000000014
0.7429324799999965 27.19002770048496 34.0 41 0 2973.5621473660617 200.0 8.0 0.35000000000000014
0.7429324799999965 31.47549658795798 34.0 32 0 4663.123790000003 200.0 8.0 0.36000000000000015
0.7429324799999965 28.51485320555152 34.0 36 0 4196.551257425947 200.0 8.0 0.37000000000000016
0.7429324799999965 37.56487483367444 34.0 38 0 9860.925994676028 200.0 8.0 0.38000000000000017
0.7429324799999965 27.594227482276075 34.0 36 0 4017.7502634165494 200.0 8.0 0.3900000000000002
0.7429324799999965 33.13901146918073 34.0 43 0 5601.248837559771 200.0 8.0 0.4000000000000002
0.7429324799999965 38.13539628970196 34.0 32 0 9827.180335523917 200.0 8.0 0.4100000000000002
0.7429324799999965 36.77350090597014 34.0 51 0 6388.238944326541 200.0 8.0 0.4200000000000002
0.7429324799999965 24.8519370468402 34.0 46 0 3142.7957599089004 200.0 8.0 0.4300000000000002
0.7429324799999965 33.218386420286954 34.0 50 0 6829.895828006516 200.0 8.0 0.4400000000000002
0.7429324799999965 35.16950455033987 34.0 38 0 7537.034363175393 200.0 8.0 0.45000000000000023
0.7429324799999965 24.87367073816251 34.0 35 0 2936.549886000956 200.0 8.0 0.46000000000000024
0.7429324799999965 24.906901705637253 34.0 44 0 4226.039294882893 200.0 8.0 0.47000000000000025
0.7429324799999965 25.529489373816048 34.0 100 0 3909.0992727709977 200.0 8.0 0.48000000000000026
0.7429324799999965 25.20782294339766 34.0 45 0 3181.6431251241547 200.0 8.0 0.49000000000000027
0.7429324799999965 26.70182373964212 34.0 34 0 3262.5133961677875 200.0 8.0 0.5000000000000002
0.7429324799999965 30.825772464177916 34.0 46 0 3985.818209810155 200.0 8.0 0.5100000000000002
0.7429324799999965 33.35344646062511 34.0 54 0 5909.895760417479 200.0 8.0 0.5200000000000002
0.7429324799999965 28.114109938603516 34.0 48 0 3737.822462060959 200.0 8.0 0.5300000000000002
0.7429324799999965 35.78777682882071 34.0 40 0 6731.988725652383 200.0 8.0 0.5400000000000003
0.7429324799999965 45.88607124400908 34.0 38 0 11006.9340026987 200.0 8.0 0.5500000000000003
0.7429324799999965 30.26029469896366 34.0 50 0 4650.330098694237 200.0 8.0 0.5600000000000003
0.7429324799999965 31.948309903253808 34.0 63 0 7140.609701372139 200.0 8.0 0.5700000000000003
0.7429324799999965 38.07014809450413 34.0 67 0 8258.13525738011 200.0 8.0 0.5800000000000003
