#bestFitness averageFitness averageUsedGeneLength time invalids varFitness aveLength aveDerivationTreeDepth SlopeMutRate
35.564692479999984 620.5850527017122 12.98913043478261 306 32 847254.401246186 200.0 3.777173913043478 0.0
35.564692479999984 446.53629556234193 7.12 147 0 18863.196163799483 200.0 3.0425 0.0
21.05717248000001 376.1556515215714 9.03 49 0 24084.808432074366 200.0 3.4175 0.0
21.05717248000001 297.24741185311797 13.38 55 0 27978.877537954482 200.0 4.2975 0.0
13.00853248000001 215.30509556058055 17.39 58 0 26011.84991065604 200.0 5.17 0.0
5.394772480000003 159.94780774249463 18.72 54 0 21215.24181442392 200.0 5.6325 0.01
0.742932480000001 118.41710460179755 20.61 47 0 18712.34467449644 200.0 6.0225 0.01
0.742932480000001 91.6292557724779 21.8 42 0 17287.660763196844 200.0 6.3125 0.01
0.742932480000001 72.34794630311251 22.89 32 0 15985.063114195413 200.0 6.615 0.01
0.742932480000001 62.871386725697676 24.15 31 0 14966.202029330416 200.0 6.8775 0.01
0.742932480000001 65.28100348760596 24.97 20 0 16957.46576691543 200.0 7.18 0.01
0.742932480000001 60.90475981972268 26.32 21 0 20091.934959132013 200.0 7.5275 0.02
0.742932480000001 64.68373480705412 27.22 20 0 25526.22195355423 200.0 7.95 0.03
0.742932480000001 51.414606894147944 27.86 17 0 18051.908644963816 200.0 8.195 0.04
0.742932480000001 52.190124971476074 28.33 17 0 15051.961233245447 200.0 8.35 0.05
0.742932480000001 50.02215822098847 28.01 17 0 16910.790944164688 200.0 8.4 0.060000000000000005
0.742932480000001 38.61889976555072 27.75 16 0 10807.182469087551 200.0 8.3675 0.07
0.742932480000001 61.026663006111285 27.09 16 0 31817.1063407518 200.0 8.1825 0.08
0.742932480000001 40.68458252552313 27.42 16 0 11147.823444939711 200.0 8.22 0.09
0.742932480000001 34.28554831210633 26.98 16 0 8005.933345923153 200.0 8.1875 0.09999999999999999
0.742932480000001 48.78712978126154 26.95 19 0 16563.96773608092 200.0 8.1575 0.10999999999999999
0.742932480000001 49.49906957301897 27.91 17 0 16001.922537379214 200.0 8.29 0.11999999999999998
0.742932480000001 47.18396912845736 27.2 17 0 14239.160726660604 200.0 8.1825 0.12999999999999998
0.742932480000001 55.06970760075013 26.8 16 0 20451.539770097694 200.0 8.1025 0.13999999999999999
0.742932480000001 33.580119710846645 25.76 14 0 6276.904442173245 200.0 7.9125 0.15
0.742932480000001 38.562087152008615 27.27 16 0 9647.065631621612 200.0 8.1025 0.16
0.742932480000001 41.19054686943923 25.81 14 0 11668.336977926401 200.0 7.9025 0.17
0.742932480000001 36.750494877340586 25.56 12 0 9814.976803101177 200.0 7.8475 0.18000000000000002
0.742932480000001 36.992152710333855 25.42 12 0 8123.260615629436 200.0 7.81 0.19000000000000003
0.742932480000001 27.45879765508237 25.1 11 0 4547.36838782611 200.0 7.735 0.20000000000000004
0.742932480000001 36.11786130123697 25.29 11 0 7336.056109607392 200.0 7.7675 0.21000000000000005
0.742932480000001 38.68580691722245 25.01 10 0 13438.432326875427 200.0 7.725 0.22000000000000006
0.742932480000001 57.33103975219098 25.61 11 0 23647.13874658363 200.0 7.83 0.23000000000000007
0.742932480000001 33.734739538074265 25.44 14 0 5625.001148281602 200.0 7.7575 0.24000000000000007
0.742932480000001 30.214032734199627 24.67 10 0 5191.283509529627 200.0 7.6275 0.25000000000000006
0.742932480000001 34.09094810778046 25.18 10 0 8052.626400456309 200.0 7.7275 0.26000000000000006
0.742932480000001 28.321455954931768 25.57 12 0 6071.833558233896 200.0 7.7575 0.2700000000000001
0.742932480000001 44.89704777446595 25.36 11 0 14833.18231627257 200.0 7.6825 0.2800000000000001
0.742932480000001 32.94666853115209 24.91 10 0 5914.92984660092 200.0 7.5875 0.2900000000000001
0.742932480000001 52.79039183312025 25.28 11 0 21113.53864807595 200.0 7.6125 0.3000000000000001
0.742932480000001 29.896646112900466 23.79 9 0 5796.113504804225 200.0 7.3925 0.3100000000000001
0.742932480000001 39.356187103601194 23.36 8 0 11237.279250543881 200.0 7.2825 0.3200000000000001
0.742932480000001 31.36170361350531 23.22 8 0 5916.880593223543 200.0 7.2525 0.3300000000000001
0.742932480000001 47.58616354441298 23.78 10 0 17521.721269163925 200.0 7.37 0.34000000000000014
0.742932480000001 46.74170280235006 23.01 8 0 18732.796177091877 200.0 7.1825 0.35000000000000014
0.742932480000001 32.08927242604086 23.47 9 0 7313.111656596306 200.0 7.24 0.36000000000000015
0.742932480000001 28.065034541474958 22.93 8 0 6841.531340440536 200.0 7.1925 0.37000000000000016
0.742932480000001 31.684776912956664 22.65 8 0 9300.440163086641 200.0 7.1225 0.38000000000000017
0.742932480000001 41.809903042443175 22.33 12 0 14333.950420738116 200.0 7.0375 0.3900000000000002
0.742932480000001 33.01802368052452 22.38 8 0 6929.293815916258 200.0 7.0425 0.4000000000000002
0.742932480000001 64.4660533446069 22.64 8 0 36833.327818637394 200.0 7.1075 0.4100000000000002
0.742932480000001 38.65423990560428 22.97 9 0 12899.097690765871 200.0 7.19 0.4200000000000002
0.742932480000001 22.091678971436224 22.6 8 0 2693.5034977597866 200.0 7.1075 0.4300000000000002
0.742932480000001 32.79043664359001 22.98 8 0 8151.301666392982 200.0 7.1925 0.4400000000000002
0.702512841193487 47.22430264716352 22.68 9 0 20900.408595220917 200.0 7.105 0.45000000000000023
0.702512841193487 26.848422109117273 22.52 8 0 4297.210217795682 200.0 7.06 0.01
0.702512841193487 36.55419708043441 22.82 9 0 9308.109215259672 200.0 7.0675 0.01
0.702512841193487 27.75305524567128 23.11 9 0 5287.386626235905 200.0 7.11 0.01
0.702512841193487 40.34531720688372 22.96 8 0 13025.424396938886 200.0 7.1725 0.01
0.702512841193487 28.052684829422756 22.25 9 0 6078.415244002383 200.0 7.0 0.02
0.702512841193487 22.957639970986325 23.35 9 0 4200.397158997736 200.0 7.155 0.03
0.702512841193487 29.019121821423628 23.39 9 0 6217.989277816803 200.0 7.1875 0.04
0.702512841193487 33.58141250656669 22.51 9 0 7742.411532511795 200.0 7.02 0.05
0.702512841193487 37.61269798447551 21.74 7 0 10879.72726782614 200.0 6.8925 0.060000000000000005
0.702512841193487 37.06773908238874 22.81 11 0 10202.687675664125 200.0 7.0825 0.07
0.702512841193487 40.055032025816125 23.09 15 0 16723.823984819493 200.0 7.0775 0.08
0.702512841193487 35.154054095250636 23.15 11 0 8702.532582718211 200.0 7.095 0.09
0.702512841193487 35.06881847994629 23.46 12 0 8952.826788937084 200.0 7.1475 0.09999999999999999
0.702512841193487 31.21917284843288 23.32 14 0 6195.5190065350835 200.0 7.1575 0.10999999999999999
0.702512841193487 20.642696859676768 23.26 11 0 2953.6603976141673 200.0 7.18 0.11999999999999998
0.702512841193487 41.76688937933227 25.22 16 0 13930.36029318014 200.0 7.3825 0.12999999999999998
0.702512841193487 26.129912160411052 24.66 17 0 5657.58043938318 200.0 7.3225 0.13999999999999999
0.702512841193487 45.80065754218811 22.95 12 0 18992.795302674618 200.0 7.1125 0.15
0.702512841193487 45.8008397894252 25.18 18 0 13879.895681501706 200.0 7.3925 0.16
0.702512841193487 39.60135242292492 23.29 12 0 11265.34083697273 200.0 7.16 0.17
0.702512841193487 34.83780732790843 24.5 15 0 10833.370582812988 200.0 7.3375 0.18000000000000002
0.702512841193487 27.486029164335832 23.92 12 0 7061.137671433345 200.0 7.2275 0.19000000000000003
0.702512841193487 34.879271376964695 23.5 14 0 7847.807401675505 200.0 7.2 0.20000000000000004
0.702512841193487 37.4865883762466 24.44 14 0 10841.09417102934 200.0 7.345 0.21000000000000005
0.702512841193487 38.09827571150385 23.94 8 0 12471.888968100708 200.0 7.3375 0.22000000000000006
0.702512841193487 57.54528391050615 25.3 11 0 26402.942692841287 200.0 7.5375 0.23000000000000007
0.702512841193487 47.83907816434444 25.31 10 0 13174.366771888312 200.0 7.4975 0.24000000000000007
0.702512841193487 40.00083498404969 24.13 10 0 12874.93485267552 200.0 7.3575 0.25000000000000006
0.702512841193487 48.20592296465594 25.0 10 0 17933.381751134424 200.0 7.4025 0.26000000000000006
0.702512841193487 26.317847416438536 25.42 11 0 4474.66971143927 200.0 7.47 0.2700000000000001
0.702512841193487 45.998056666885795 26.04 10 0 17431.710148672828 200.0 7.6275 0.2800000000000001
0.702512841193487 36.59195906601762 26.16 11 0 9718.029887020768 200.0 7.675 0.2900000000000001
0.702512841193487 32.07916038133897 23.41 9 0 12790.630118523657 200.0 7.1875 0.3000000000000001
0.6858857110908213 38.306345564425285 24.71 9 0 14091.497239005534 200.0 7.3525 0.3100000000000001
0.6644716050526421 32.14988311054771 25.26 10 0 8382.307041429833 200.0 7.375 0.01
0.6644716050526421 63.407911061222386 24.44 10 0 34426.77794578345 200.0 7.1975 0.01
0.6644716050526421 18.58642209158264 27.52 12 0 2705.7630573311703 200.0 7.7175 0.01
0.6644716050526421 41.820337722046695 25.27 11 0 18391.607291453463 200.0 7.39 0.01
0.6644716050526421 49.46066483356896 26.21 11 0 23352.283925355227 200.0 7.5325 0.01
0.6644716050526421 35.40280126335475 25.36 8 0 10112.683689370675 200.0 7.4625 0.02
0.6644716050526421 29.799034134649613 27.31 10 0 5946.10990598061 200.0 7.7675 0.03
0.5714934636191267 47.32889845390805 28.99 17 0 19176.166537343623 200.0 8.0075 0.04
0.5714934636191267 49.01107972037866 31.9 16 0 20075.658198818925 200.0 8.5375 0.01
0.5714934636191267 51.17438920698776 31.59 16 0 21648.65922761042 200.0 8.51 0.01
0.5714934636191267 41.92469514035427 31.19 20 0 17719.586862739892 200.0 8.485 0.01
0.5714934636191267 65.72499402791412 34.04 18 0 44264.86130562973 200.0 9.0675 0.01
