#bestFitness averageFitness averageUsedGeneLength time invalids varFitness aveLength aveDerivationTreeDepth SlopeMutRate
23.68671999999999 2467.0886227478786 12.262295081967213 1278 34 1.0902306023736897E9 200.0 3.737704918032787 0.0
23.68671999999999 462.22769193001847 8.96 760 0 25445.090487990466 200.0 3.34 0.0
11.761492479999998 369.7309918433706 7.74 198 0 23442.07883187863 200.0 3.315 0.0
5.7762124800000105 294.2099844683595 11.05 164 0 24251.546360745793 200.0 4.005 0.0
5.7762124800000105 211.67523976041215 13.59 184 0 22460.33046952397 200.0 4.64 0.0
5.7762124800000105 149.790498344128 15.94 237 0 21070.01228389699 200.0 5.195 0.01
5.7762124800000105 130.0814450997114 16.93 147 0 33340.11029107468 200.0 5.425 0.01
5.7762124800000105 86.15784907622819 16.51 119 0 16907.07751607881 200.0 5.405 0.01
5.7762124800000105 71.60985705228549 16.75 88 0 16246.198642709001 200.0 5.47 0.02
5.7762124800000105 49.586622225546854 15.57 181 0 8470.653798745107 200.0 5.255 0.03
5.7762124800000105 42.63793134825176 14.48 101 0 9517.186966706295 200.0 5.03 0.04
5.394772480000004 23.568237568000015 14.21 83 0 1443.2949599044944 200.0 4.9875 0.05
5.394772480000004 14.969626886399988 14.1 71 0 571.5914932978575 200.0 5.0075 0.01
5.394772480000004 17.413694086399985 14.09 120 0 1287.7599250612113 200.0 5.01 0.01
5.394772480000004 21.249747851096313 14.16 61 0 1643.8811874182572 200.0 5.0075 0.01
5.394772480000004 19.040119955199984 14.34 59 0 1637.1211167798488 200.0 5.0075 0.01
5.394772480000004 17.638655907147093 14.59 124 0 1703.0806860534328 200.0 4.9975 0.02
5.394772480000004 15.503823088600889 15.27 117 0 1115.1287713360975 200.0 5.0 0.03
5.394772480000004 22.516392764003648 16.0 50 0 2215.1760612501457 200.0 5.005 0.04
5.394772480000004 33.177340188859944 16.91 59 0 5097.22468615786 200.0 5.025 0.05
5.394772480000004 24.65214177260459 17.31 75 0 2149.898015370527 200.0 5.0075 0.060000000000000005
5.394772480000004 23.623995888600938 17.72 43 0 2447.9555261490414 200.0 5.0025 0.07
5.394772480000004 16.195017017600012 17.92 40 0 1100.7302023250236 200.0 5.0075 0.08
5.394772480000004 15.533277503804594 17.96 42 0 1017.1753515432757 200.0 5.0075 0.09
5.394772480000004 15.936843059900008 17.99 40 0 1235.216338197332 200.0 5.0 0.09999999999999999
5.394772480000004 13.449558017833496 18.0 46 0 569.2858587333003 200.0 5.0 0.10999999999999999
5.394772480000004 20.56179022200185 18.0 30 0 2243.113821521902 200.0 5.0 0.11999999999999998
5.394772480000004 22.27752269300277 18.0 38 0 2561.564773233715 200.0 5.0 0.12999999999999998
5.394772480000004 25.401337476588054 18.0 34 0 3430.975755148308 200.0 5.0 0.13999999999999999
5.394772480000004 18.16507930600551 18.0 51 0 1383.8033709353206 200.0 5.0 0.15
5.394772480000004 14.314370693002765 18.0 34 0 714.422005750859 200.0 5.0 0.16
5.394772480000004 15.748474017833495 18.0 37 0 976.2543289121203 200.0 5.0 0.17
5.394772480000004 18.298318925493117 18.0 50 0 1802.2826573032164 200.0 5.0 0.18000000000000002
5.394772480000004 23.11937069300277 18.0 28 0 2353.88481238142 200.0 5.0 0.19000000000000003
5.394772480000004 24.43100826517843 18.0 37 0 3131.614200464979 200.0 5.0 0.20000000000000004
5.394772480000004 26.181431635004593 18.0 44 0 3195.519525320461 200.0 5.0 0.21000000000000005
5.394772480000004 22.260107493002764 18.0 36 0 2363.111163460469 200.0 5.0 0.22000000000000006
5.394772480000004 18.19350796400369 18.0 51 0 1164.745280994962 200.0 5.0 0.23000000000000007
5.394772480000004 17.483811822001854 18.0 32 0 1424.5337859607205 200.0 5.0 0.24000000000000007
5.394772480000004 20.780653093002766 18.0 30 0 2291.7895258214394 200.0 5.0 0.25000000000000006
5.394772480000004 16.49362051789817 18.0 25 0 1477.4788028231903 200.0 5.0 0.26000000000000006
5.394772480000004 15.029561893002768 18.0 35 0 847.4438584556071 200.0 5.0 0.2700000000000001
5.394772480000004 21.64292349300277 18.0 24 0 2368.6773889347605 200.0 5.0 0.2800000000000001
5.394772480000004 15.415965235004593 18.0 25 0 729.2682131554685 200.0 5.0 0.2900000000000001
5.394772480000004 16.423435680000022 18.0 23 0 1511.9452506598145 200.0 5.0 0.3000000000000001
5.394772480000004 20.695348951000934 18.0 39 0 2561.260590782224 200.0 5.0 0.3100000000000001
5.394772480000004 23.06699049080185 18.0 13 0 2666.262040707172 200.0 5.0 0.3200000000000001
5.394772480000004 13.909808951000938 18.0 15 0 775.2187170006305 200.0 5.0 0.3300000000000001
5.394772480000004 14.11214142200184 18.0 59 0 531.9979603768975 200.0 5.0 0.34000000000000014
5.394772480000004 22.385461093002764 18.0 58 0 2992.402265758384 200.0 5.0 0.35000000000000014
5.394772480000004 14.540703493002763 18.0 30 0 669.6483169767599 200.0 5.0 0.36000000000000015
5.394772480000004 15.213705751000935 18.0 34 0 1147.8578066311538 200.0 5.0 0.37000000000000016
5.394772480000004 21.72503016180277 18.0 23 0 2327.6395453302416 200.0 5.0 0.38000000000000017
5.394772480000004 17.991472784730732 18.0 41 0 1990.1884927926276 200.0 5.0 0.3900000000000002
5.394772480000004 19.30430156400368 18.0 13 0 1881.2815882501282 200.0 5.0 0.4000000000000002
5.394772480000004 30.832000290836525 18.0 21 0 4641.599253439514 200.0 5.0 0.4100000000000002
5.394772480000004 16.912492106005505 18.0 30 0 880.8047108740176 200.0 5.0 0.4200000000000002
5.394772480000004 22.119821564003683 18.0 19 0 2195.786790635533 200.0 5.0 0.4300000000000002
5.394772480000004 16.61957916400368 18.0 21 0 948.8507463097625 200.0 5.0 0.4400000000000002
5.394772480000004 18.90412895100093 18.0 32 0 1804.045196969381 200.0 5.0 0.45000000000000023
5.394772480000004 25.057732468380696 18.0 51 0 3900.187571454365 200.0 5.0 0.46000000000000024
5.394772480000004 17.140391493002767 18.0 31 0 1452.9754545800824 200.0 5.0 0.47000000000000025
5.394772480000004 20.21065229300277 18.0 35 0 1818.484602647048 200.0 5.0 0.48000000000000026
5.394772480000004 25.072072676588046 18.0 33 0 3546.929012947533 200.0 5.0 0.49000000000000027
5.394772480000004 17.53437022200184 18.0 30 0 1023.9558246609799 200.0 5.0 0.5000000000000002
5.394772480000004 23.697984293002765 18.0 58 0 2881.503566299243 200.0 5.0 0.5100000000000002
5.394772480000004 13.681688951000947 18.0 15 0 701.0702781153597 200.0 5.0 0.5200000000000002
5.394772480000004 15.49427229300277 18.0 40 0 807.1364105900751 200.0 5.0 0.5300000000000002
5.394772480000004 14.009044188899088 18.0 48 0 698.668549605001 200.0 5.0 0.5400000000000003
5.394772480000004 22.226896232803675 18.0 16 0 2910.0752397769907 200.0 5.0 0.5500000000000003
5.394772480000004 19.721232968172043 18.0 23 0 2191.7841617702393 200.0 5.0 0.5600000000000003
5.394772480000004 17.530077751000928 18.0 50 0 1952.5268243669482 200.0 5.0 0.5700000000000003
5.394772480000004 15.103598222001853 18.0 22 0 826.9093165165026 200.0 5.0 0.5800000000000003
5.394772480000004 18.52151276400368 18.0 43 0 1784.9260254377318 200.0 5.0 0.5900000000000003
5.394772480000004 27.06038967955628 18.0 18 0 3384.8696337745396 200.0 5.0 0.6000000000000003
5.394772480000004 23.30942365169264 18.0 24 0 3032.9413662973384 200.0 5.0 0.6100000000000003
5.394772480000004 21.510297235004597 18.0 34 0 2149.253802593405 200.0 5.0 0.6200000000000003
5.394772480000004 18.335933467494943 18.0 24 0 1325.3815520598425 200.0 5.0 0.6300000000000003
5.394772480000004 15.67408273849585 18.0 16 0 786.5392179766312 200.0 5.0 0.6400000000000003
5.394772480000004 18.74486023083624 18.0 27 0 1498.9890442081776 200.0 5.0 0.6500000000000004
5.394772480000004 15.026358693002765 18.0 55 0 702.5051728878683 200.0 5.0 0.6600000000000004
5.394772480000004 17.64006462200185 18.0 23 0 1651.9451280058001 200.0 5.0 0.6700000000000004
5.394772480000004 20.29355124739492 18.0 22 0 2303.9649071981626 200.0 5.0 0.6800000000000004
5.394772480000004 22.2077694599 18.0 20 0 2686.4143069529114 200.0 5.0 0.6900000000000004
5.394772480000004 19.621676703804596 18.0 14 0 1929.9635177508555 200.0 5.0 0.7000000000000004
5.394772480000004 18.232074721324757 18.0 16 0 1637.6389156140121 200.0 5.0 0.7100000000000004
5.394772480000004 19.545364968172045 18.0 35 0 1889.188762117835 200.0 5.0 0.7200000000000004
5.394772480000004 12.65748062200185 18.0 13 0 497.69700082720806 200.0 5.0 0.7300000000000004
5.394772480000004 19.336500809496773 18.0 18 0 1937.5533306912125 200.0 5.0 0.7400000000000004
5.394772480000004 19.03753615100094 18.0 20 0 1760.2370756853798 200.0 5.0 0.7500000000000004
5.394772480000004 21.750256588157303 18.0 14 0 2421.3908731354395 200.0 5.0 0.7600000000000005
5.394772480000004 20.05119703439218 18.0 20 0 2264.1553526300763 200.0 5.0 0.7700000000000005
5.394772480000004 16.722106693002765 18.0 13 0 1137.000762978623 200.0 5.0 0.7800000000000005
5.394772480000004 15.425391964003682 18.0 15 0 972.2134090118684 200.0 5.0 0.7900000000000005
5.394772480000004 15.42595229300276 18.0 12 0 1426.3195624009395 200.0 5.0 0.8000000000000005
5.394772480000004 17.58508259649403 18.0 20 0 1360.584823700958 200.0 5.0 0.8100000000000005
5.394772480000004 21.38117996400368 18.0 27 0 1988.8383168019263 200.0 5.0 0.8200000000000005
5.394772480000004 19.566686835004603 18.0 19 0 1691.0659080032283 200.0 5.0 0.8300000000000005
5.394772480000004 16.288458506005515 18.0 23 0 927.6395315333866 200.0 5.0 0.8400000000000005
5.394772480000004 16.789246035004595 18.0 14 0 1530.3013092696901 200.0 5.0 0.8500000000000005
5.394772480000004 19.705570205328403 18.0 13 0 1950.654074314452 200.0 5.0 0.8600000000000005
