#bestFitness averageFitness averageUsedGeneLength time invalids varFitness aveLength aveDerivationTreeDepth SlopeMutRate
38.22389248000002 45404.27594308507 15.12 1646 25 7.30805494886221E11 200.0 4.037333333333334 0.0
18.409025675203544 438.9098558577976 11.12 877 0 22066.309369955427 200.0 3.58 0.0
18.409025675203544 366.6549484806379 12.63 368 0 26638.010234766985 200.0 3.97 0.0
9.641812480000004 284.9869798327615 15.2 215 0 24826.960180031965 200.0 4.6025 0.0
6.075501015786127 214.39555810446683 18.05 203 0 21626.097882457863 200.0 5.24 0.0
6.075501015786127 173.48586010579533 20.97 280 0 27296.24286980038 200.0 5.77 0.01
6.075501015786127 129.83878334820764 23.24 198 0 19545.733682585334 200.0 6.11 0.01
5.394772480000003 115.75498121041717 23.5 236 0 32954.265692394125 200.0 6.155 0.01
3.4921909480760487 77.049629570157 22.49 242 0 10760.111837034843 200.0 6.0525 0.01
3.4921909480760487 66.52166380464081 22.3 146 0 10054.8110327819 200.0 6.085 0.01
1.8434510834961968 66.11788530999073 22.41 138 0 13089.43815873245 200.0 6.1575 0.01
1.8434510834961968 55.582389835722495 21.88 129 0 10373.756173761143 200.0 6.185 0.01
1.8434510834961968 48.26106186322504 22.73 127 0 9183.566066072208 200.0 6.3425 0.01
0.742932480000001 40.80697244244519 22.49 202 0 6550.862353192517 200.0 6.4125 0.01
0.742932480000001 63.48527728133852 24.1 124 0 21231.19711644878 200.0 6.7 0.01
0.742932480000001 69.3948472632228 25.33 121 0 15701.570391549796 200.0 6.88 0.01
0.742932480000001 53.61722027154122 26.86 139 0 8695.649821501926 200.0 7.15 0.01
0.742932480000001 64.47229069011023 28.75 272 0 16810.7575050312 200.0 7.36 0.01
0.742932480000001 60.76406920380457 30.18 128 0 14197.334604987569 200.0 7.5475 0.02
0.742932480000001 89.02249665084388 30.62 86 0 32536.106396412022 200.0 7.6375 0.03
0.742932480000001 62.41859518598175 30.82 106 0 16470.36017158654 200.0 7.6325 0.04
0.742932480000001 64.31455698805927 31.1 178 0 17991.910331643194 200.0 7.6675 0.05
0.742932480000001 61.16724506605416 31.85 159 0 15413.140114841279 200.0 7.8 0.060000000000000005
0.742932480000001 55.25729177855771 31.91 125 0 14285.426541063574 200.0 7.8125 0.07
0.742932480000001 62.228893004817174 35.32 186 0 16452.39746485689 200.0 8.2475 0.08
0.742932480000001 66.98764699846487 35.91 123 0 17897.362020231238 200.0 8.3475 0.09
0.742932480000001 55.64339142795079 36.7 149 0 11127.715065762062 200.0 8.445 0.09999999999999999
0.742932480000001 73.23968885629456 37.22 131 0 20686.637069646265 200.0 8.45 0.10999999999999999
0.742932480000001 82.65123233449062 37.59 71 0 28860.90924536483 200.0 8.5225 0.11999999999999998
0.742932480000001 57.737766139447785 37.98 92 0 13256.983593257035 200.0 8.6025 0.12999999999999998
0.742932480000001 67.37375343048434 38.79 106 0 24075.231739735893 200.0 8.6925 0.13999999999999999
0.742932480000001 76.0691049734135 38.93 105 0 22911.60657719799 200.0 8.69 0.15
0.742932480000001 62.799799986240025 39.19 60 0 20147.994461508828 200.0 8.73 0.16
0.742932480000001 57.24804226573961 39.59 77 0 16754.388684457605 200.0 8.8125 0.17
0.742932480000001 41.420080406544486 39.97 86 0 6752.103278368423 200.0 8.8575 0.18000000000000002
0.7429324800000008 58.0977776998116 40.1 56 0 17653.81028004445 200.0 8.8925 0.19000000000000003
0.7429324800000008 64.06137181001759 40.25 105 0 17282.27912840988 200.0 8.925 0.01
0.7429324800000008 48.776718230142194 40.83 132 0 12022.915771525442 200.0 8.9975 0.01
0.7429324800000008 52.08861952653627 40.57 76 0 10980.910457927575 200.0 8.97 0.01
0.7429324800000008 69.0157175289548 41.05 113 0 24393.046075589005 200.0 9.0025 0.01
0.7429324800000008 57.081657695655025 41.6 65 0 14983.770352664193 200.0 9.0375 0.02
0.7429324800000008 52.46236419642819 41.43 118 0 12479.574127028733 200.0 9.0 0.03
0.7429324800000008 42.95697211008373 41.47 104 0 8819.78797308063 200.0 9.0 0.04
0.7429324800000008 47.34259108364495 41.72 124 0 12458.460577203827 200.0 9.0 0.05
0.7429324800000008 59.038394585125026 41.83 79 0 16553.11488414303 200.0 9.0 0.060000000000000005
0.7429324800000008 53.15935050278499 41.93 82 0 10090.7264601887 200.0 9.0 0.07
0.7429324800000008 45.42961325470403 42.09 70 0 7231.698746348842 200.0 9.0075 0.08
0.7429324800000008 42.43329025750061 41.95 66 0 6601.938348670611 200.0 9.0 0.09
0.7429324800000008 53.81494793574406 41.95 61 0 15429.476951263889 200.0 9.0 0.09999999999999999
0.7429324800000008 40.341028781222406 41.96 51 0 6976.920134611423 200.0 9.0 0.10999999999999999
0.7429324800000008 50.79316208432357 41.95 103 0 10263.906679258553 200.0 9.0 0.11999999999999998
0.7429324800000008 46.335443874643 41.98 50 0 6291.938467233802 200.0 9.0 0.12999999999999998
0.7429324800000008 36.99721468665126 41.98 45 0 4357.133589679218 200.0 9.0 0.13999999999999999
0.7429324800000008 46.4827791768331 42.0 61 0 9063.79193695921 200.0 9.0 0.15
0.7429324800000008 56.08413834057867 42.0 34 0 15078.38013563601 200.0 9.0 0.16
0.7429324800000008 45.25989872554052 42.0 52 0 9354.995196450234 200.0 9.0 0.17
0.7429324800000008 47.51357778313344 42.0 49 0 7734.858339181385 200.0 9.0 0.18000000000000002
0.7429324800000008 49.61456147937499 42.0 46 0 11366.046804824555 200.0 9.0 0.19000000000000003
0.7429324800000008 46.31245748181265 42.0 54 0 8484.613667489293 200.0 9.0 0.20000000000000004
0.7429324800000008 48.7266616284484 42.0 43 0 10982.03330784526 200.0 9.0 0.21000000000000005
0.7429324800000008 39.01304975852191 42.0 37 0 6209.1145208264925 200.0 9.0 0.22000000000000006
0.7429324800000008 35.42936797155515 42.0 45 0 4268.14961371708 200.0 9.0 0.23000000000000007
0.7429324800000008 49.5422367343665 42.0 46 0 9945.830815100388 200.0 9.0 0.24000000000000007
0.7429324800000008 51.64490622308585 42.0 43 0 11365.553473516062 200.0 9.0 0.25000000000000006
0.7429324800000008 44.82763182560828 42.0 43 0 8326.949678815012 200.0 9.0 0.26000000000000006
0.7429324800000008 58.72742774693584 42.0 60 0 16068.163122431037 200.0 9.0 0.2700000000000001
0.7429324800000008 51.65182048359958 42.0 72 0 9172.876222912555 200.0 9.0 0.2800000000000001
0.7429324800000008 59.66242036648854 42.0 103 0 14583.988375502846 200.0 9.0 0.2900000000000001
0.7429324800000008 46.7507788775185 42.0 53 0 8458.623321464787 200.0 9.0 0.3000000000000001
0.7429324800000008 41.06695937748802 42.0 70 0 7055.99465530624 200.0 9.0 0.3100000000000001
0.7429324800000008 53.2614723070209 42.0 60 0 15493.68696095994 200.0 9.0 0.3200000000000001
0.7429324800000008 53.47325687641349 42.0 43 0 12694.505434724413 200.0 9.0 0.3300000000000001
0.7429324800000008 50.37980359631001 42.0 55 0 11089.014916311144 200.0 9.0 0.34000000000000014
0.7429324800000008 31.302881106325376 42.0 60 0 3368.5878563176284 200.0 9.0 0.35000000000000014
0.7429324800000008 32.36171085302628 42.0 58 0 4362.716157598705 200.0 9.0 0.36000000000000015
0.7429324800000008 33.01796049302245 42.0 44 0 4534.609100594502 200.0 9.0 0.37000000000000016
0.7429324800000008 39.713531857965535 42.0 60 0 8206.510483892342 200.0 9.0 0.38000000000000017
0.7429324800000008 44.88303071598245 42.0 51 0 8551.870784362553 200.0 9.0 0.3900000000000002
0.7429324800000008 45.02047379879219 42.0 37 0 8994.901555254637 200.0 9.0 0.4000000000000002
0.7429324800000008 35.85611744250521 42.0 55 0 5098.052781824025 200.0 9.0 0.4100000000000002
0.7429324800000008 47.38247496819141 42.0 43 0 8112.187627776202 200.0 9.0 0.4200000000000002
0.7429324800000008 58.26266243436816 42.0 44 0 10460.064066108747 200.0 9.0 0.4300000000000002
0.7429324800000008 54.35164521304077 42.0 64 0 10286.314080748672 200.0 9.0 0.4400000000000002
0.7429324800000008 39.09946507001041 42.0 38 0 5255.177540871655 200.0 9.0 0.45000000000000023
0.7429324800000008 31.69322926217225 42.0 35 0 3496.9598595386087 200.0 9.0 0.46000000000000024
0.7429324800000008 41.31869089237673 42.0 36 0 6916.026688158261 200.0 9.0 0.47000000000000025
0.7429324800000008 44.27450463660466 42.0 57 0 10612.36416642827 200.0 9.0 0.48000000000000026
0.7429324800000008 40.734563948140874 42.0 49 0 6252.320874830319 200.0 9.0 0.49000000000000027
0.7429324800000008 49.817561920092785 42.0 55 0 12662.341415962619 200.0 9.0 0.5000000000000002
0.7429324800000008 57.276788939211016 42.0 49 0 16265.834573130829 200.0 9.0 0.5100000000000002
0.7429324800000008 47.2590749422196 42.0 38 0 9722.0969654356 200.0 9.0 0.5200000000000002
0.7429324800000008 59.65127500888138 42.0 58 0 14629.510515945123 200.0 9.0 0.5300000000000002
0.7429324800000008 54.216039152622606 42.0 54 0 12841.662375688642 200.0 9.0 0.5400000000000003
0.7429324800000008 46.28386101883758 42.0 51 0 7614.069384049609 200.0 9.0 0.5500000000000003
0.7429324800000008 54.31949158159886 42.0 71 0 14826.174525555989 200.0 9.0 0.5600000000000003
0.7429324800000008 42.64208871933985 42.0 45 0 6667.825173637051 200.0 9.0 0.5700000000000003
0.7429324800000008 49.005042924081216 42.0 40 0 10209.241429639489 200.0 9.0 0.5800000000000003
0.7429324800000008 42.80730467000734 42.0 53 0 6926.5055940803295 200.0 9.0 0.5900000000000003
0.7429324800000008 47.29037862659727 42.0 45 0 12844.068166803163 200.0 9.0 0.6000000000000003
0.7429324800000008 47.49826342628583 42.0 38 0 11479.710487189028 200.0 9.0 0.6100000000000003
0.7429324800000008 39.36746898287534 42.0 53 0 5985.800673320192 200.0 9.0 0.6200000000000003
