#bestFitness averageFitness averageUsedGeneLength time invalids varFitness aveLength aveDerivationTreeDepth SlopeMutRate
18.673492480000025 881.9358611360124 13.868131868131869 1088 36 1.1767596773270467E7 200.0 3.9065934065934065 0.0
18.673492480000025 468.2075394285039 9.69 705 0 21390.690095820133 200.0 3.3825 0.0
18.673492480000025 385.8996458018882 10.1 313 0 21082.196980854384 200.0 3.5125 0.0
9.96725247999999 321.0734156168467 13.96 199 0 26767.419103974342 200.0 4.175 0.0
9.96725247999999 258.2452454811532 17.3 281 0 29086.915664277356 200.0 4.945 0.0
9.145492480000007 226.7250404555251 22.84 342 0 59994.74857231918 200.0 5.9025 0.01
8.213332479999991 147.30667513671946 22.99 259 0 22097.400293720802 200.0 6.1575 0.01
8.213332479999991 144.03449406865343 25.05 289 0 30763.773211061525 200.0 6.5025 0.01
8.213332479999991 114.79584748702682 24.36 209 0 23330.538982952028 200.0 6.4125 0.01
5.394772480000004 80.02083908213936 25.29 207 0 14470.25093402401 200.0 6.6975 0.01
5.394772480000004 92.16557045802749 26.15 170 0 23664.742418303398 200.0 6.86 0.01
5.394772480000003 88.47700738764007 27.24 136 0 24380.335210266676 200.0 6.9875 0.01
5.394772480000003 68.29337928579761 28.14 193 0 14256.428741759148 200.0 7.0775 0.01
5.394772480000003 56.3133562536972 26.4 148 0 10993.134967641297 200.0 6.7925 0.01
3.488720880365997 42.28553611608511 26.33 326 0 6605.68305115968 200.0 6.785 0.01
3.488720880365997 63.042038909007694 25.66 274 0 18920.09909777255 200.0 6.6225 0.01
3.488720880365997 61.00822685392452 25.58 137 0 15795.399476284732 200.0 6.565 0.01
3.488720880365997 54.28173959484764 25.18 118 0 13463.289207945909 200.0 6.4625 0.01
3.488720880365997 62.331420802847795 25.15 113 0 20458.248824812268 200.0 6.46 0.01
3.488720880365997 67.66969369630276 25.03 99 0 22211.453648169994 200.0 6.4225 0.02
3.488720880365997 63.83236307506985 25.9 137 0 18484.002596805585 200.0 6.63 0.03
3.488720880365997 58.91661018617209 27.02 146 0 13664.706952252849 200.0 6.885 0.04
3.488720880365997 55.96929850193511 27.71 130 0 13249.664554798235 200.0 7.0375 0.05
3.488720880365997 53.516146122661766 28.43 100 0 11899.022235229786 200.0 7.3175 0.060000000000000005
3.488720880365997 56.797374033675894 28.99 109 0 17611.224740617803 200.0 7.51 0.07
3.488720880365997 57.72063393078249 29.81 127 0 15862.302072138591 200.0 7.6975 0.08
3.488720880365997 68.22626344810298 30.06 126 0 23898.062164783078 200.0 7.86 0.09
3.488720880365997 46.47268976764545 31.36 129 0 12864.056977193442 200.0 8.1675 0.09999999999999999
3.488720880365997 67.76989255149844 31.36 165 0 27365.351910957063 200.0 8.2125 0.10999999999999999
3.488720880365997 53.91512253070551 32.52 94 0 15982.87971000563 200.0 8.475 0.11999999999999998
3.488720880365997 56.1369929468802 32.44 91 0 15297.549586446365 200.0 8.495 0.12999999999999998
3.488720880365997 58.02590043768915 32.88 90 0 15692.86237533336 200.0 8.6225 0.13999999999999999
3.488720880365997 72.44135561301789 33.15 94 0 24432.030030452817 200.0 8.715 0.15
3.488720880365997 67.79083348995329 34.1 95 0 19746.13869022288 200.0 8.8975 0.16
3.488720880365995 41.3280113295005 33.93 77 0 8173.782012795246 200.0 8.9175 0.17
3.488720880365995 58.91130773874025 33.85 62 0 18856.503543861938 200.0 8.945 0.01
3.488720880365995 45.33631755396581 33.84 73 0 12648.908125272243 200.0 8.95 0.01
3.488720880365995 61.27363514759811 33.96 98 0 24173.763584709905 200.0 8.98 0.01
3.488720880365995 40.817967122692004 33.97 112 0 8520.208962461595 200.0 8.98 0.01
3.488720880365995 46.22638585892173 33.89 60 0 10943.133582185346 200.0 8.97 0.02
3.488720880365995 58.67379085550371 33.79 74 0 14883.730366939628 200.0 8.9375 0.03
3.488720880365995 51.9853265002479 33.94 102 0 15978.4321130651 200.0 8.98 0.04
3.488720880365995 53.27431393259249 33.91 77 0 16949.286708775704 200.0 8.97 0.05
3.488720880365995 42.59845145031389 33.89 83 0 9170.157250444316 200.0 8.96 0.060000000000000005
3.488720880365995 51.97147447406016 33.89 75 0 14518.789383060854 200.0 8.96 0.07
3.488720880365995 51.73547124018901 33.68 76 0 15044.74159591599 200.0 8.91 0.08
3.488720880365995 62.89541951177326 33.82 75 0 20235.41685278289 200.0 8.95 0.09
3.068930812655928 51.17457359310992 34.09 62 0 15448.77154227287 200.0 8.9875 0.09999999999999999
3.068930812655928 56.22914160249034 33.92 50 0 17531.082395116664 200.0 8.98 0.01
3.068930812655928 51.3244396043447 34.0 69 0 14560.979100883349 200.0 9.0 0.01
3.068930812655928 54.934888089344675 34.0 130 0 15320.047371145252 200.0 9.0 0.01
3.068930812655928 54.733612589613266 34.0 82 0 17501.46861432794 200.0 9.0 0.01
3.068930812655928 41.62114499562021 34.0 37 0 11316.845542203162 200.0 9.0 0.02
3.068930812655928 68.54162181975336 34.0 55 0 22542.00213322591 200.0 9.0 0.03
3.068930812655928 32.429150123428805 34.0 52 0 6126.962338814172 200.0 9.0 0.04
3.068930812655928 63.52397179655914 34.0 53 0 20383.595695604738 200.0 9.0 0.05
3.068930812655928 75.84505362072811 34.0 42 0 26552.299503390594 200.0 9.0 0.060000000000000005
3.068930812655928 68.76960575319869 34.0 85 0 26741.606999181273 200.0 9.0 0.07
3.068930812655928 63.921873087407484 34.0 60 0 19569.956275007065 200.0 9.0 0.08
1.7429324800000008 52.4805522840776 34.0 39 0 15266.777272705947 200.0 9.0 0.09
1.7429324800000008 78.46955396133015 34.0 42 0 32488.1019996686 200.0 9.0 0.01
1.7429324800000008 58.331787583969536 34.0 71 0 20122.189578694914 200.0 9.0 0.01
1.7429324800000008 62.94146164498128 34.0 42 0 20370.55075363805 200.0 9.0 0.01
1.7429324800000008 74.82762414325538 34.0 109 0 29675.195813058453 200.0 9.0 0.01
1.7429324800000008 68.68066473101466 34.0 31 0 22938.76637897717 200.0 9.0 0.02
1.7429324800000008 57.532728165275955 34.0 37 0 16567.64680237567 200.0 9.0 0.03
1.7429324800000008 80.5480275641606 34.0 36 0 37882.160681645684 200.0 9.0 0.04
1.7429324800000008 63.66327855238572 34.0 30 0 20591.02916746627 200.0 9.0 0.05
1.7429324800000008 52.619297928439565 34.0 48 0 15836.768933335496 200.0 9.0 0.060000000000000005
1.7429324800000008 60.44298421179114 34.0 39 0 19748.34943017402 200.0 9.0 0.07
1.7429324800000008 60.98620584531569 34.0 34 0 22289.004818771762 200.0 9.0 0.08
1.7429324800000008 53.366290413691786 34.0 34 0 18410.43922340336 200.0 9.0 0.09
1.7429324800000008 81.58115119898083 34.0 38 0 35207.3628819374 200.0 9.0 0.09999999999999999
1.7429324800000008 54.69908831716424 34.0 32 0 17625.705204850798 200.0 9.0 0.10999999999999999
1.7429324800000008 67.52517253059933 34.0 25 0 27778.401401247633 200.0 9.0 0.11999999999999998
1.7429324800000008 53.35628718226229 34.0 35 0 17172.788102638777 200.0 9.0 0.12999999999999998
1.7429324800000008 45.65799026265417 34.0 43 0 13353.22773244062 200.0 9.0 0.13999999999999999
1.7429324800000008 61.586336074477124 34.0 38 0 21889.81399850086 200.0 9.0 0.15
1.7429324800000008 42.460269390586525 34.0 45 0 8720.421496980185 200.0 9.0 0.16
1.7429324800000008 57.222557918191605 34.0 38 0 19362.891713480833 200.0 9.0 0.17
1.7429324800000008 82.0190450469611 34.0 76 0 38284.792636290935 200.0 9.0 0.18000000000000002
1.7429324800000008 52.70512341051403 34.0 23 0 18264.77709848991 200.0 9.0 0.19000000000000003
1.7429324800000008 73.95150217050366 34.0 19 0 33758.94867229515 200.0 9.0 0.20000000000000004
1.7429324800000008 54.54745952055153 34.0 24 0 17506.53942867205 200.0 9.0 0.21000000000000005
1.7429324800000008 40.23808054759844 34.0 26 0 8127.833381609275 200.0 9.0 0.22000000000000006
1.7429324800000008 64.76909884824444 34.0 25 0 29140.062835033623 200.0 9.0 0.23000000000000007
1.7429324800000008 50.46070089284638 34.0 22 0 14691.869391281842 200.0 9.0 0.24000000000000007
1.7429324800000008 60.111322790894086 34.0 21 0 20921.66367771633 200.0 9.0 0.25000000000000006
1.7429324800000008 63.53503818916748 34.0 25 0 22521.094894549038 200.0 9.0 0.26000000000000006
1.7429324800000008 43.63593115646676 34.0 22 0 8833.469226080037 200.0 9.0 0.2700000000000001
1.7429324800000008 58.599811152891405 34.0 21 0 15693.347561391021 200.0 9.0 0.2800000000000001
1.7429324800000008 61.781440050293334 34.0 22 0 20841.696519826783 200.0 9.0 0.2900000000000001
1.7429324800000008 59.64926903801328 34.0 23 0 19410.172220692537 200.0 9.0 0.3000000000000001
1.7429324800000008 53.69046423284752 34.0 24 0 14421.619754888443 200.0 9.0 0.3100000000000001
1.7429324800000008 48.46682938771063 34.0 22 0 13258.317481805088 200.0 9.0 0.3200000000000001
1.7429324800000008 67.13350514177564 34.0 22 0 25173.93837365284 200.0 9.0 0.3300000000000001
1.7429324800000008 52.76689281205994 34.0 22 0 16827.333873647483 200.0 9.0 0.34000000000000014
1.7429324800000008 42.96753569769862 34.0 21 0 12189.289500531 200.0 9.0 0.35000000000000014
1.7429324800000008 65.76879910641351 34.0 21 0 26665.62536424225 200.0 9.0 0.36000000000000015
1.7429324800000008 55.68421415080047 34.0 41 0 17574.929500024486 200.0 9.0 0.37000000000000016
1.7429324800000008 67.55760320356848 34.0 22 0 31596.296453363062 200.0 9.0 0.38000000000000017
