#bestFitness averageFitness averageUsedGeneLength time invalids varFitness aveLength aveDerivationTreeDepth SlopeMutRate
5.7762124800000105 3215.177563860439 14.690026954177897 745 29 1.740470002077675E9 200.0 4.056603773584905 0.0
5.7762124800000105 453.54751462203427 8.7 610 0 17745.249580767108 200.0 3.2375 0.0
5.7762124800000105 384.39621282669924 10.82 192 0 18033.937612399634 200.0 3.6325 0.0
5.7762124800000105 317.0196635319928 15.1 195 0 23318.52373883587 200.0 4.3225 0.0
5.7762124800000105 253.2588739030794 18.53 216 0 24006.839600345917 200.0 5.09 0.0
5.7762124800000105 228.8608132360107 24.31 199 0 61417.62475906666 200.0 6.0575 0.01
5.7762124800000105 135.10438514591783 23.49 168 0 19293.322923602314 200.0 6.135 0.02
3.292692479999992 82.92185452009402 23.19 116 0 11471.641269733114 200.0 6.145 0.03
0.7429324800000008 72.25403363781247 22.93 115 0 13658.462064812556 200.0 6.0625 0.01
0.7429324800000008 52.74090196526154 21.81 88 0 8372.226923779632 200.0 5.855 0.01
0.7429324800000008 59.43270346379991 21.02 57 0 12049.381618471041 200.0 5.7475 0.01
0.7429324800000008 63.87201585888468 21.03 39 0 18136.57586348521 200.0 5.8575 0.01
0.7429324800000008 51.841964844682025 21.6 53 0 12508.386578676014 200.0 6.0775 0.01
0.7429324800000008 48.556466594339724 23.19 57 0 9696.877155986667 200.0 6.465 0.02
0.7429324800000008 47.93409879095828 25.09 51 0 11642.727736288016 200.0 7.065 0.03
0.7429324800000008 39.30881468043223 26.68 43 0 6285.610183052173 200.0 7.445 0.04
0.7429324800000008 48.175440151211944 27.51 61 0 10528.327626902304 200.0 7.6175 0.05
0.7429324800000008 51.701545201289825 27.55 40 0 12515.686017406073 200.0 7.675 0.060000000000000005
0.7429324800000008 51.50628739067689 28.6 62 0 12864.948986517016 200.0 7.88 0.07
0.7429324800000008 39.39458287027133 28.7 38 0 6743.945562648521 200.0 7.9 0.08
0.7429324800000008 39.13663642360877 29.24 36 0 8328.131972081572 200.0 7.975 0.09
0.7429324800000008 50.09234096375839 29.76 36 0 13996.550355570242 200.0 7.995 0.09999999999999999
0.7429324800000006 39.82453607178352 29.8 38 0 7747.790888263873 200.0 8.0 0.10999999999999999
0.7429324800000006 43.05875219866134 30.13 36 0 10900.746947761234 200.0 8.025 0.01
0.7429324800000006 39.15660530215893 30.09 31 0 7335.97316347344 200.0 8.0125 0.01
0.7429324800000006 44.7868259081437 29.96 38 0 11635.8906267103 200.0 8.0 0.01
0.7429324800000006 47.967993036800024 29.95 38 0 12366.705598890088 200.0 8.0 0.01
0.7429324800000006 40.04576167664556 29.98 36 0 6978.82188624745 200.0 8.0 0.02
0.7429324800000006 45.35748405363358 29.98 35 0 13013.473788648713 200.0 8.0 0.03
0.7429324800000006 53.655304719947154 30.0 24 0 12593.167589918003 200.0 8.0 0.04
0.7429324800000006 65.93196403058334 30.0 21 0 17091.479381594716 200.0 8.0 0.05
0.7429324800000006 43.799194085656794 30.0 32 0 10491.261071192092 200.0 8.0 0.060000000000000005
0.7429324800000006 36.03366396315446 30.0 21 0 7233.772168399666 200.0 8.0 0.07
0.7429324800000006 55.564861311926514 30.0 27 0 15473.450427487012 200.0 8.0 0.08
0.7429324800000006 42.252099807788476 30.0 23 0 9867.354778160923 200.0 8.0 0.09
0.7429324800000006 52.33242133951817 30.0 19 0 20540.279507760202 200.0 8.0 0.09999999999999999
0.7429324800000006 47.739462109558104 30.0 23 0 11080.887116957167 200.0 8.0 0.10999999999999999
0.7429324800000006 50.32696969284453 30.0 21 0 13909.07119391818 200.0 8.0 0.11999999999999998
0.7429324800000006 47.34468947260203 30.0 21 0 11991.457827418535 200.0 8.0 0.12999999999999998
0.7429324800000006 69.01360899057163 30.0 32 0 27871.377497597085 200.0 8.0 0.13999999999999999
0.7429324800000006 37.79247751840001 30.0 29 0 7848.409121175766 200.0 8.0 0.15
0.7429324800000006 40.18399163327838 30.0 30 0 9440.373398103917 200.0 8.0 0.16
0.7429324800000006 74.70671205791945 30.0 30 0 31619.491861016853 200.0 8.0 0.17
0.7429324800000006 55.77402635490308 30.0 35 0 15848.09143871758 200.0 8.0 0.18000000000000002
0.7429324800000006 58.045377221017105 30.0 29 0 17126.32713287552 200.0 8.0 0.19000000000000003
0.7429324800000006 56.4024753069918 30.0 55 0 16745.646729244654 200.0 8.0 0.20000000000000004
0.7429324800000006 41.50246081810499 30.0 19 0 11006.11004642182 200.0 8.0 0.21000000000000005
0.7429324800000006 40.393634701725574 30.0 23 0 8954.611051407315 200.0 8.0 0.22000000000000006
0.7429324800000006 66.01223301054041 30.0 22 0 22376.329392356947 200.0 8.0 0.23000000000000007
0.7429324800000006 54.525971350232936 30.0 25 0 16665.26579582582 200.0 8.0 0.24000000000000007
0.7429324800000006 39.20234271270042 30.0 18 0 9564.704783883173 200.0 8.0 0.25000000000000006
0.7429324800000006 45.84323176461612 30.0 17 0 11091.856835226232 200.0 8.0 0.26000000000000006
0.7429324800000006 55.02456853369336 30.0 17 0 16658.656955613482 200.0 8.0 0.2700000000000001
0.7429324800000006 72.06169738411835 30.0 18 0 28406.792135228563 200.0 8.0 0.2800000000000001
0.7429324800000006 55.327331215326105 30.0 17 0 15142.21841321524 200.0 8.0 0.2900000000000001
0.7429324800000006 58.84736833520892 30.0 15 0 21488.737323510515 200.0 8.0 0.3000000000000001
0.7429324800000006 57.37951067754661 30.0 17 0 17628.442426991 200.0 8.0 0.3100000000000001
0.7429324800000006 50.41379147583898 30.0 16 0 14203.812127977159 200.0 8.0 0.3200000000000001
0.7429324800000006 42.44375530124873 30.0 17 0 10616.282741327967 200.0 8.0 0.3300000000000001
0.7429324800000006 47.918730813805695 30.0 18 0 16509.659552597415 200.0 8.0 0.34000000000000014
0.7429324800000006 41.40450345200368 30.0 15 0 10464.559794060722 200.0 8.0 0.35000000000000014
0.7429324800000006 52.164917882686666 30.0 25 0 14290.694346092989 200.0 8.0 0.36000000000000015
0.7429324800000006 48.61212861182747 30.0 17 0 11510.263613719808 200.0 8.0 0.37000000000000016
0.7429324800000006 54.773776790504314 30.0 13 0 14922.663316018488 200.0 8.0 0.38000000000000017
0.7429324800000006 42.44545113600734 30.0 18 0 11209.154325686468 200.0 8.0 0.3900000000000002
0.7429324800000006 40.89208979099884 30.0 15 0 9302.507911528392 200.0 8.0 0.4000000000000002
0.7429324800000006 53.25523399884107 30.0 17 0 15818.809497216065 200.0 8.0 0.4100000000000002
0.7429324800000006 46.46449859133015 30.0 11 0 11432.623016000956 200.0 8.0 0.4200000000000002
0.7429324800000006 44.039385856128135 30.0 12 0 13201.633154420506 200.0 8.0 0.4300000000000002
0.7429324800000006 54.01583276488782 30.0 14 0 15678.96184018509 200.0 8.0 0.4400000000000002
0.7429324800000006 45.76626334144212 30.0 15 0 10244.900931200813 200.0 8.0 0.45000000000000023
0.7429324800000006 52.40689047505725 30.0 15 0 12933.975083742665 200.0 8.0 0.46000000000000024
0.7429324800000006 57.45237152699343 30.0 10 0 14621.080045499284 200.0 8.0 0.47000000000000025
0.7429324800000006 40.93631024674844 30.0 11 0 8292.232963447155 200.0 8.0 0.48000000000000026
0.7429324800000006 48.055319965121896 30.0 13 0 12673.392038484384 200.0 8.0 0.49000000000000027
0.7429324800000006 52.857536407622135 30.0 14 0 15111.57731656046 200.0 8.0 0.5000000000000002
0.7429324800000006 36.417578697496765 30.0 10 0 6804.6677557719495 200.0 8.0 0.5100000000000002
0.7429324800000006 41.54363100651749 30.0 14 0 10849.065518617845 200.0 8.0 0.5200000000000002
0.7429324800000006 33.75201632481256 30.0 18 0 7529.549234297892 200.0 8.0 0.5300000000000002
0.7429324800000006 50.3216945489424 30.0 25 0 12518.42904175326 200.0 8.0 0.5400000000000003
0.7429324800000006 38.09232218561466 30.0 19 0 8957.09329438681 200.0 8.0 0.5500000000000003
0.7429324800000006 55.76451905285041 30.0 16 0 18424.363330631564 200.0 8.0 0.5600000000000003
0.7429324800000006 35.988775205992226 30.0 24 0 8238.385922802627 200.0 8.0 0.5700000000000003
0.7429324800000006 44.29610376032449 30.0 24 0 11622.235911457923 200.0 8.0 0.5800000000000003
0.7429324800000006 55.21646773065039 30.0 23 0 16785.87632283361 200.0 8.0 0.5900000000000003
0.7429324800000006 43.94069125280316 30.0 25 0 11320.437634067377 200.0 8.0 0.6000000000000003
0.7429324800000006 53.064901000832954 30.0 24 0 14097.143039606168 200.0 8.0 0.6100000000000003
0.7429324800000006 69.26454102227278 30.0 22 0 25538.088216082375 200.0 8.0 0.6200000000000003
0.7429324800000006 41.39160207672331 30.0 24 0 9634.387750938791 200.0 8.0 0.6300000000000003
0.7429324800000006 56.533350542935715 30.0 22 0 15343.495780402236 200.0 8.0 0.6400000000000003
0.7429324800000006 46.16850871628627 30.0 24 0 11191.382963691161 200.0 8.0 0.6500000000000004
0.7429324800000006 60.92952569963413 30.0 23 0 17149.156048806904 200.0 8.0 0.6600000000000004
0.7429324800000006 67.78275655146204 30.0 19 0 22069.95441085714 200.0 8.0 0.6700000000000004
0.7429324800000006 40.4565853848089 30.0 21 0 10079.233006707618 200.0 8.0 0.6800000000000004
0.7429324800000006 51.464756245603695 30.0 15 0 15541.563389898387 200.0 8.0 0.6900000000000004
0.7429324800000006 51.77401366758942 30.0 16 0 14549.887820849044 200.0 8.0 0.7000000000000004
0.7429324800000006 62.377573120444815 30.0 15 0 17854.46214690869 200.0 8.0 0.7100000000000004
0.7429324800000006 54.91333471970229 30.0 14 0 15610.928461189349 200.0 8.0 0.7200000000000004
0.7429324800000006 45.87724781196921 30.0 16 0 9687.137111709293 200.0 8.0 0.7300000000000004
0.7429324800000006 40.63265592417658 30.0 10 0 9877.8248512019 200.0 8.0 0.7400000000000004
0.7429324800000006 39.43102458543532 30.0 17 0 9057.243956590806 200.0 8.0 0.7500000000000004
