#bestFitness averageFitness averageUsedGeneLength time invalids varFitness aveLength aveDerivationTreeDepth SlopeMutRate
31.466772479999975 1754.3660689903809 14.221606648199446 1243 39 4.307081856445314E8 200.0 4.011080332409972 0.0
28.433172480000014 470.2253081686701 9.26 585 0 16983.452640713964 200.0 3.3675 0.0
5.286850812655936 399.87326979806943 13.78 163 0 24416.212019122137 200.0 4.0125 0.0
5.286850812655936 314.8785460419603 13.38 156 0 24850.317128349532 200.0 4.16 0.0
5.286850812655936 240.34068925901474 16.06 179 0 23767.431507829646 200.0 4.6675 0.0
5.286850812655936 181.1042011203291 18.41 261 0 27452.653911940426 200.0 5.115 0.01
5.286850812655936 130.64538012150626 20.53 195 0 25072.052004557612 200.0 5.41 0.01
4.974716643768088 106.43534993288162 22.37 116 0 46113.00244613165 200.0 5.6175 0.02
4.974716643768088 79.08444327602051 23.73 132 0 17124.653495570292 200.0 5.745 0.01
4.858793746578663 60.00885891206589 25.33 142 0 13834.910952957183 200.0 5.9025 0.01
4.858793746578663 85.25671748937683 23.72 69 0 109934.95148823949 200.0 5.7525 0.01
4.793804546236466 49.62715910711885 25.78 141 0 13595.560584555391 200.0 5.9625 0.01
4.655805333412222 73.11245629901211 26.87 107 0 53190.9533393848 200.0 6.085 0.01
4.655805333412222 54.20113134701345 28.15 112 0 15908.865537200329 200.0 6.26 0.01
4.256500744945851 64.16678181218492 30.71 132 0 37679.31634998969 200.0 6.535 0.01
4.256500744945851 564.307013973892 31.86466165413534 162 1 4.2412060366354674E7 200.0 6.614035087719298 0.01
1.5140122765379316 73.29490058287321 31.41 123 0 46737.88273530802 200.0 6.6075 0.01
1.5140122765379316 352.5895658081889 35.1 142 0 3709300.9346483536 200.0 7.045 0.01
1.5140122765379316 84.72052744360276 31.1 94 0 67801.2967237704 200.0 6.6425 0.01
1.5140122765379316 66.59010857213786 32.22 98 0 40375.20130565353 200.0 6.765 0.01
1.5140122765379316 34.562380367699504 29.91 81 0 9463.374309163362 200.0 6.53 0.01
1.5140122765379316 53.65966436099753 31.54 85 0 24435.395308121722 200.0 6.8125 0.02
1.5140122765379316 79.03006624558873 31.95 78 0 61750.918507507406 200.0 6.885 0.03
1.5140122765379316 57.556304153406835 30.7 121 0 32325.846030487428 200.0 6.88 0.04
1.5140122765379316 55.412192171175555 31.51 165 0 27274.945614605556 200.0 6.9225 0.05
1.5140122765379316 63.44798197558258 30.53 79 0 52697.71707824773 200.0 6.8675 0.060000000000000005
1.5140122765379316 46.334353699237646 31.01 56 0 12572.85147783711 200.0 6.8575 0.07
1.5140122765379316 48.93326264818249 30.27 69 0 30440.07578116363 200.0 6.9 0.08
1.5140122765379316 108.95184258947937 31.91 62 0 121668.30940178465 200.0 7.035 0.09
1.5140122765379316 79.66346613707894 30.78 61 0 90801.98231390845 200.0 6.96 0.09999999999999999
1.5140122765379316 38.97461750332527 30.7 49 0 14538.480527072976 200.0 6.945 0.10999999999999999
1.5140122765379316 60.75657484889628 31.68 117 0 42454.168379763614 200.0 7.05 0.11999999999999998
1.5140122765379316 52.488465337863545 32.81 137 0 27468.030118826115 200.0 7.155 0.12999999999999998
1.5140122765379316 85.728841006526 32.47 64 0 60834.99377369332 200.0 7.135 0.13999999999999999
1.5140122765379316 78.1958376659256 34.47 67 0 47612.30303816395 200.0 7.355 0.15
1.5140122765379316 51.62334025270894 32.64 57 0 17355.47039201768 200.0 7.105 0.16
1.5140122765379316 82.79248318837668 34.39 52 0 62851.49331631392 200.0 7.33 0.17
1.5140122765379316 88.77479827852747 34.89 115 0 53899.582566659956 200.0 7.38 0.18000000000000002
0.8289472834356807 84.74698361814983 36.85 126 0 45563.48605071054 200.0 7.755 0.19000000000000003
0.8289472834356807 138.72184292862718 38.33 179 0 157565.01873113538 200.0 8.0325 0.01
0.8289472834356807 133.1695215077554 38.13 90 0 99820.45493119887 200.0 7.885 0.01
0.8289472834356807 119.41257760199072 39.92 62 0 78166.2346425493 200.0 8.1825 0.01
0.8289472834356807 158.77754279203572 40.8 63 0 132859.16792523733 200.0 8.2675 0.01
0.8289472834356807 171.23427225292093 41.99 58 0 183448.79026368016 200.0 8.42 0.02
0.8289472834356807 246.91089037070446 43.35 97 0 399774.06030769146 200.0 8.61 0.03
0.8289472834356807 279.2478764752314 42.98 192 0 549109.1785160161 200.0 8.64 0.04
0.8289472834356807 116.12993182932672 41.83 79 0 72419.81986705874 200.0 8.505 0.05
0.8289472834356807 245.20242110759412 44.24 108 0 365897.6427659248 200.0 8.805 0.060000000000000005
0.8289472834356807 201.9498222192638 41.88 95 0 269327.64764220116 200.0 8.5175 0.07
0.8289472834356807 194.28660288513151 41.48 94 0 352871.5911572989 200.0 8.385 0.08
0.8289472834356807 191.39168527683066 41.7 166 0 184709.79007740787 200.0 8.365 0.09
0.8289472834356807 219.83540028540185 42.65 91 0 353790.93251650064 200.0 8.5675 0.09999999999999999
0.8289472834356807 132.21306824468627 43.0 209 0 99216.67786221497 200.0 8.61 0.10999999999999999
0.8289472834356807 145.01148733302495 41.86 279 0 95265.4149492999 200.0 8.5175 0.11999999999999998
0.8289472834356807 174.87958351291888 42.35 98 0 145806.3146014638 200.0 8.445 0.12999999999999998
0.8289472834356807 128.5226629438078 42.13 185 0 76171.79678181614 200.0 8.6625 0.13999999999999999
0.8289472834356807 194.8466644122513 45.17 146 0 191128.4006691851 200.0 9.12 0.15
0.8289472834356807 237.422377204542 42.25 98 0 329516.30304463016 200.0 8.685 0.16
0.8289472834356807 223.2875357871536 42.55 108 0 323866.0305652479 200.0 8.7225 0.17
0.8289472834356807 205.71951157920572 40.87 96 0 309634.1921042107 200.0 8.58 0.18000000000000002
0.8289472834356807 161.89981051529824 40.57 110 0 164122.14953227315 200.0 8.435 0.19000000000000003
0.8289472834356807 130.39460535534735 41.57 153 0 94629.50708730366 200.0 8.57 0.20000000000000004
0.8289472834356807 136.72388821001815 41.96 104 0 111167.77462214758 200.0 8.6425 0.21000000000000005
0.8289472834356807 228.24775306207047 44.04 96 0 275339.81655749195 200.0 8.8975 0.22000000000000006
0.8289472834356807 118.08796174022966 39.96 87 0 73753.77797009698 200.0 8.38 0.23000000000000007
0.8289472834356807 123.35400941506255 41.65 81 0 81808.41363312947 200.0 8.605 0.24000000000000007
0.8289472834356807 140.56149926619338 41.84 90 0 101935.02945062522 200.0 8.685 0.25000000000000006
0.8289472834356807 183.27826924897113 42.4 110 0 211791.3390012677 200.0 8.755 0.26000000000000006
0.8289472834356807 111.04016206587086 41.06 102 0 58498.75338315595 200.0 8.6025 0.2700000000000001
0.8289472834356807 125.24061198012392 41.02 82 0 90109.469665804 200.0 8.5175 0.2800000000000001
0.8289472834356807 125.26945444698498 41.04 161 0 101230.05694344176 200.0 8.6425 0.2900000000000001
0.8289472834356807 156.09921094460947 41.08 96 0 162826.74640710343 200.0 8.5825 0.3000000000000001
0.8289472834356807 154.32164054413786 41.61 66 0 143490.4329713303 200.0 8.675 0.3100000000000001
0.8289472834356807 162.38718603725678 41.53 70 0 198741.71498171915 200.0 8.6575 0.3200000000000001
0.8289472834356807 241.24166167372897 43.86 101 0 523607.22623540735 200.0 9.0825 0.3300000000000001
0.8289472834356807 128.15810716057857 44.36 84 0 92210.94412616908 200.0 9.0425 0.34000000000000014
0.8289472834356807 142.8950390260109 43.96 49 0 123431.45458937698 200.0 9.0375 0.35000000000000014
0.8289472834356807 151.15668797250984 43.11 58 0 129580.84402306349 200.0 8.9325 0.36000000000000015
0.8289472834356807 174.97580827242356 43.42 71 0 182020.74055044577 200.0 8.9875 0.37000000000000016
0.8289472834356807 150.9722058238576 43.58 49 0 149033.2110094958 200.0 9.0875 0.38000000000000017
0.8289472834356807 204.26727391799753 47.64 60 0 261934.32869437593 200.0 9.5025 0.3900000000000002
0.8289472834356807 195.06751421009722 47.81 79 0 176474.44984070482 200.0 9.5175 0.4000000000000002
0.8289472834356807 233.89125731304262 48.42 53 0 358059.0117381423 200.0 9.625 0.4100000000000002
0.8289472834356807 174.42213373916277 48.95 82 0 119114.35351507479 200.0 9.6325 0.4200000000000002
0.8289472834356807 149.35885271302675 48.75 69 0 105240.139214468 200.0 9.6375 0.4300000000000002
0.8289472834356807 191.01407341803292 48.55 63 0 165934.88157945685 200.0 9.6 0.4400000000000002
0.8276178948106043 234.4658051842598 48.49 71 0 244383.07359823582 200.0 9.5825 0.45000000000000023
0.8276178948106043 156.58897647447856 48.04 87 0 102556.40445226117 200.0 9.4975 0.01
0.8276178948106043 166.72350412159946 48.91 81 0 149938.3137429044 200.0 9.6875 0.01
0.8276178948106043 148.21825951208706 47.53 65 0 103491.41279516208 200.0 9.4825 0.01
0.8276178948106043 129.50234787851159 45.72 95 0 88235.64836456871 200.0 9.2225 0.01
0.8276178948106043 150.2045877521163 45.95 63 0 110232.10519697297 200.0 9.165 0.02
0.8276178948106043 140.25101495851135 46.87 103 0 107515.94829993573 200.0 9.38 0.03
0.8276178948106043 169.7271431387608 45.25 81 0 167125.39790740865 200.0 9.1475 0.04
0.8276178948106043 213.7978366563037 45.2 50 0 229736.40596557796 200.0 9.1225 0.05
0.8276178948106043 233.89319540183087 46.52 85 0 215241.58507488747 200.0 9.3025 0.060000000000000005
0.8276178948106043 146.36702160823194 44.92 66 0 110323.351258507 200.0 9.1575 0.07
0.8276178948106043 178.48494392708585 46.47 68 0 161879.63838678255 200.0 9.42 0.08
0.8276178948106043 238.30454368080154 46.37 64 0 342448.9377365169 200.0 9.295 0.09
0.8276178948106043 150.08352839143998 46.08 55 0 125809.26412636164 200.0 9.3375 0.09999999999999999
0.8276178948106043 234.30614551645817 45.55 76 0 272790.8959999448 200.0 9.2475 0.10999999999999999
