#bestFitness averageFitness averageUsedGeneLength time invalids varFitness aveLength aveDerivationTreeDepth SlopeMutRate
18.673492480000025 881.9358611360124 13.868131868131869 328 36 1.1767596773270467E7 200.0 3.9065934065934065 0.0
18.673492480000025 467.66644696248426 10.94 163 0 20870.75526018928 200.0 3.4925 0.0
4.5571199999999905 395.728073367491 10.07 74 0 20935.064709629805 200.0 3.555 0.0
4.5571199999999905 327.3845646360531 13.29 44 0 25811.179597698236 200.0 4.1025 0.0
4.5571199999999905 278.8395824652063 16.34 56 0 29531.475765144914 200.0 4.8175 0.0
4.5571199999999905 234.0519555748043 20.98 50 0 36092.15766212449 200.0 5.7175 0.01
4.5571199999999905 216.94220253044313 24.01 50 0 54086.74040370374 200.0 6.2025 0.01
4.5571199999999905 208.30915202981708 29.66 58 0 83608.97109281788 200.0 7.1825 0.02
4.5571199999999905 186.66318088641543 28.98 40 0 69635.04973287847 200.0 7.1475 0.03
4.5571199999999905 226.55457222158356 31.73 44 0 193375.89586750325 200.0 7.54 0.04
4.5571199999999905 327.26009157289053 31.22 41 0 1112740.8184123538 200.0 7.43 0.05
4.5571199999999905 221.7489922451896 32.53 40 0 135272.37322201184 200.0 7.6725 0.060000000000000005
4.5571199999999905 641.4498453294193 32.23 36 0 1.8791519245262377E7 200.0 7.7175 0.07
4.5571199999999905 286.0286968652948 30.14 34 0 596555.3226940942 200.0 7.35 0.08
4.557119999999989 228.53195022183115 29.91 31 0 197616.22883156544 200.0 7.21 0.09
4.557119999999989 204.78979798947015 29.54 28 0 170596.13752368427 200.0 7.2375 0.01
4.557119999999989 455.8005265633973 29.86 27 0 3854923.219501649 200.0 7.2325 0.01
4.557119999999989 347.81865581299587 29.6 27 0 1091598.4754023126 200.0 7.31 0.01
4.557119999999989 411.0700209109958 32.53 28 0 2271351.4521451145 200.0 7.8375 0.01
4.557119999999989 219.38189515248126 31.81 28 0 135285.78124978676 200.0 7.6875 0.02
4.557119999999989 710.6949710638623 33.16 26 0 1.4020311257594038E7 200.0 7.935 0.03
4.557119999999989 589.0510146096578 35.23 24 0 4711095.361503598 200.0 8.24 0.04
4.557119999999989 250.3448772086296 31.78 23 0 147723.4650732597 200.0 7.7525 0.05
4.557119999999989 1479.4637286397347 33.26 25 0 1.862049621506556E8 200.0 8.0025 0.060000000000000005
3.2926924799999853 363.0047633802318 31.09 24 0 538075.4698882807 200.0 7.645 0.07
3.2926924799999853 237.58042270665723 29.69 25 0 108733.22268978803 200.0 7.375 0.01
3.2926924799999853 401.8665578629548 31.09 20 0 1240158.3931044082 200.0 7.63 0.01
3.2926924799999853 250.62496898080695 30.68 19 0 196974.91802258638 200.0 7.63 0.01
3.2926924799999853 262.4552240801304 29.69 16 0 858301.277783834 200.0 7.4875 0.01
3.2926924799999853 278.8819933475907 29.69 18 0 583352.3892130026 200.0 7.4775 0.02
3.2926924799999853 704.3407874921375 29.89 18 0 1.5090918798520513E7 200.0 7.555 0.03
3.2926924799999853 385.95506879805 31.37 19 0 1342335.848691335 200.0 7.7925 0.04
3.2926924799999853 285.289131884309 30.99 25 0 690624.6619634688 200.0 7.6625 0.05
3.2926924799999853 389.5508288595754 30.52 25 0 1944427.4042448318 200.0 7.69 0.060000000000000005
3.2926924799999853 220.51893407361874 30.01 27 0 187862.6779345391 200.0 7.6425 0.07
3.2926924799999853 289.9599908141041 28.23 30 0 560911.6680182475 200.0 7.3175 0.08
3.2926924799999853 192.59028804527526 26.42 25 0 178877.30118099003 200.0 7.135 0.09
1.9692406095257198 284.13961910229386 28.01 27 0 965048.4357110113 200.0 7.36 0.09999999999999999
0.7429324800000108 225.87553368860753 27.98 26 0 331432.71257277014 200.0 7.555 0.01
0.7429324800000108 173.88768909369048 27.97 15 0 171670.90273643474 200.0 7.4225 0.01
0.7429324800000108 215.97864692090843 28.1 16 0 294853.5225266495 200.0 7.4325 0.01
0.7429324800000108 261.50621640313074 28.61 17 0 519581.9987888719 200.0 7.6025 0.01
0.7429324800000108 337.69267039549857 28.05 16 0 972239.0656545674 200.0 7.365 0.01
0.7429324800000108 168.60875924101398 26.64 19 0 150314.76330961825 200.0 7.12 0.02
0.7429324800000108 198.27560009199576 28.64 16 0 214078.65944981997 200.0 7.385 0.03
0.7429324800000108 151.30096234378746 26.13 13 0 89830.04423780466 200.0 6.93 0.04
0.7429324800000108 169.38680533257153 25.44 14 0 140103.2664493126 200.0 6.7725 0.05
0.7429324800000108 179.38275862821848 25.64 15 0 177996.89310355223 200.0 6.835 0.060000000000000005
0.7429324800000108 319.0996725532848 27.34 15 0 1233352.138012517 200.0 7.185 0.07
0.7429324800000108 269.35054224006836 28.46 17 0 686261.7005173885 200.0 7.475 0.08
0.7429324800000108 210.219424320818 26.68 15 0 340505.7809069602 200.0 7.2625 0.09
0.7429324800000108 161.2635665526324 25.92 14 0 143091.528064453 200.0 7.065 0.09999999999999999
0.7429324800000006 122.12332566968405 25.32 13 0 72063.23774646432 200.0 7.0425 0.10999999999999999
0.7429324800000006 162.26932311932163 27.78 21 0 140245.22256763268 200.0 7.5425 0.01
0.7429324800000006 214.5997862345364 27.85 16 0 281606.96002465417 200.0 7.61 0.01
0.7429324800000006 142.2512734014419 26.06 15 0 69064.71618123271 200.0 7.3925 0.01
0.7429324800000006 139.58388672693707 26.43 13 0 111334.96637053054 200.0 7.5075 0.01
0.7429324800000006 173.57266139417231 27.03 13 0 199506.64342256877 200.0 7.6525 0.02
0.7429324800000006 187.46192985094905 29.31 16 0 168166.2238329783 200.0 7.9775 0.03
0.7429324800000006 158.24192889104242 26.43 14 0 129019.38544869436 200.0 7.4325 0.04
0.7429324800000003 210.44220159215433 26.28 13 0 383745.35889814334 200.0 7.4275 0.05
0.7429324800000003 283.6672943093952 25.94 14 0 864356.7537622987 200.0 7.235 0.01
0.7429324800000003 212.81632590875898 26.24 15 0 475745.96790901467 200.0 7.165 0.01
0.7429324800000003 149.87959412879832 24.91 13 0 191422.78655665566 200.0 7.0975 0.01
0.7429324800000003 172.38267973424811 25.63 12 0 441126.2704907725 200.0 7.2025 0.01
0.7429324800000003 164.26521128147752 26.83 13 0 160963.99286608075 200.0 7.53 0.02
0.7429324800000003 275.29345830634776 27.11 16 0 442285.72251056676 200.0 7.3525 0.03
0.7429324800000003 172.0621706853283 24.3 14 0 169814.46091262434 200.0 6.8225 0.04
0.7429324800000003 173.62657911463364 23.55 11 0 311020.46744006505 200.0 6.735 0.05
0.7429324799999906 130.1300803828149 23.4 18 0 105200.4538512539 200.0 6.7225 0.060000000000000005
0.6143140966993078 258.1125597929081 24.29 19 0 1063436.7744872635 200.0 6.715 0.01
0.6143140966993078 152.0182843250313 23.63 20 0 125866.37250879247 200.0 6.76 0.01
0.6143140966993078 125.19768536845255 23.86 12 0 116083.83687068753 200.0 6.8175 0.01
0.6143140966993078 230.82530241253954 25.94 12 0 807294.6893638292 200.0 7.135 0.01
0.6143140966993078 191.93121974927155 27.25 15 0 267716.10619735485 200.0 7.2425 0.01
0.6143140966993078 276.30126911274954 27.35 15 0 1396673.4781688938 200.0 7.245 0.02
0.6143140966993078 128.61065159136086 26.22 13 0 110377.0549805441 200.0 7.1 0.03
0.6143140966993078 692.8288795619845 29.16 15 0 1.2610816964543814E7 200.0 7.415 0.04
0.6143140966993078 401.06106696325435 28.43 15 0 4631614.217395347 200.0 7.335 0.05
0.6143140966993078 150.02910880168093 26.72 14 0 188053.14959219177 200.0 7.0825 0.060000000000000005
0.6143140966993078 464.51566264907757 25.58 15 0 5539398.001673557 200.0 6.78 0.07
0.6143140966993078 190.23228913089974 23.37 13 0 372294.8483167021 200.0 6.495 0.08
0.6143140966993078 178.9886084040713 21.62 10 0 950118.0338173679 200.0 6.235 0.09
0.6143140966993078 151.55958678856666 22.87 12 0 307850.71940439125 200.0 6.5625 0.09999999999999999
0.6143140966993078 191.75148796833847 24.02 16 0 329521.92880627967 200.0 6.7925 0.10999999999999999
0.6143140966993078 246.64861443897243 27.26 16 0 405891.07291514205 200.0 7.315 0.11999999999999998
0.6143140966993078 146.53511568827895 26.26 14 0 100192.44917950555 200.0 6.9825 0.12999999999999998
0.6143140966993078 152.58899737159828 24.84 14 0 157817.5462670727 200.0 6.9175 0.13999999999999999
0.6143140966993078 185.07078184582772 24.64 13 0 213452.38999456842 200.0 6.88 0.15
0.6143140966993078 143.8970879548191 23.53 17 0 106325.24876274982 200.0 6.565 0.16
0.6143140966993078 108.1122259682314 24.17 13 0 82016.59093368927 200.0 6.575 0.17
0.6143140966993078 690.8417112616069 26.01 12 0 1.5065210165285468E7 200.0 6.875 0.18000000000000002
0.6143140966993078 155.5542664748514 24.11 14 0 197126.53322572316 200.0 6.5525 0.19000000000000003
0.6143140966993078 193.86231977196363 23.67 13 0 294003.58422607626 200.0 6.5525 0.20000000000000004
0.6143140966993078 77.07930867190632 24.52 12 0 31475.785668539786 200.0 6.635 0.21000000000000005
0.6143140966993078 133.5592998833159 24.17 12 0 124913.53498945078 200.0 6.6025 0.22000000000000006
0.6143140966993078 135.43336449323763 23.39 13 0 111849.52246291656 200.0 6.4825 0.23000000000000007
0.6143140966993078 96.22982129487252 22.33 12 0 64638.15439559729 200.0 6.3175 0.24000000000000007
0.6143140966993078 448.7785804450439 26.75 13 0 6589623.334906294 200.0 6.9325 0.25000000000000006
0.5784869289119214 178.91664426489177 26.46 12 0 642315.5283501743 200.0 6.915 0.26000000000000006
0.5784869289119214 123.99483596750059 24.05 12 0 97939.48656121544 200.0 6.5675 0.01
