#bestFitness averageFitness averageUsedGeneLength time invalids varFitness aveLength aveDerivationTreeDepth SlopeMutRate
13.894079428104984 1292.566495123185 15.005464480874316 327 34 1.1748832669623478E8 200.0 4.14207650273224 0.0
13.894079428104984 467.92304927582825 11.59 165 0 30718.284631490136 200.0 3.645 0.0
6.7762124800000025 390.7217424717587 11.38 70 0 29628.209702758024 200.0 3.685 0.0
6.7762124800000025 319.3722573626074 14.82 46 0 30717.29000254882 200.0 4.2475 0.0
6.7762124800000025 305.5017045713516 19.28 51 0 325865.2922744538 200.0 5.0 0.0
6.7762124800000025 173.19241566604103 20.24 49 0 29078.415154520575 200.0 5.305 0.01
6.7762124800000025 123.14768206162171 19.45 39 0 19343.76460244454 200.0 5.325 0.01
6.7762124800000025 128.20319644268722 18.93 41 0 49026.685830162496 200.0 5.315 0.02
5.394772480000003 85.7602519004863 18.56 34 0 20353.791689817597 200.0 5.395 0.03
5.394772480000003 94.00979627218825 20.52 30 0 27691.99493547645 200.0 5.8075 0.01
5.394772480000002 81.9648986205849 21.29 30 0 22171.23706458007 200.0 5.9475 0.01
5.394772480000002 73.50437407681753 21.47 25 0 20128.30272073934 200.0 6.05 0.01
5.394772480000002 68.87478268055146 21.27 25 0 19522.681189272917 200.0 6.1275 0.01
5.394772480000002 63.78173599040908 21.69 24 0 16708.586676079598 200.0 6.3225 0.01
5.394772480000002 52.691442192351026 21.89 21 0 12797.192078633767 200.0 6.405 0.01
5.394772480000002 34.822842834791246 22.35 20 0 7257.679578808956 200.0 6.4925 0.02
5.394772480000002 52.54394365861074 24.09 24 0 13567.341664956244 200.0 6.6025 0.03
5.394772480000002 44.60583109661306 24.77 21 0 10825.884973301692 200.0 6.62 0.04
5.394772480000002 48.21427486979358 26.17 22 0 12777.450447198911 200.0 6.785 0.05
5.394772480000002 36.25453722958244 27.95 22 0 9174.434751050641 200.0 6.8725 0.060000000000000005
5.2565007449458525 53.949893531553606 27.76 18 0 15215.955737695813 200.0 6.8375 0.07
5.2565007449458525 78.73435957683985 29.2 20 0 39448.23050399018 200.0 6.97 0.01
5.2565007449458525 67.54339307610817 29.41 20 0 24026.897777843205 200.0 6.945 0.01
5.247485665527551 48.0172382570464 29.05 17 0 11477.284987018744 200.0 6.895 0.01
5.247485665527551 47.92269945292417 30.45 17 0 13432.149709197238 200.0 7.0775 0.01
5.247485665527551 52.08286686598746 30.78 17 0 13745.902669216903 200.0 7.0975 0.01
5.112967884215805 52.98932405825388 31.64 16 0 13887.848987196596 200.0 7.2575 0.01
5.112967884215805 59.62822666632266 30.35 13 0 18299.45252841889 200.0 7.01 0.01
5.112967884215805 54.48832472612698 30.59 13 0 17270.862201445754 200.0 7.08 0.01
5.087630859009645 69.20011638122067 31.36 14 0 32193.87651145472 200.0 7.21 0.01
5.087630859009645 66.84013983950241 31.44 16 0 33939.102062222875 200.0 7.2 0.01
5.087630859009645 88.32593220691604 32.21 14 0 68834.79223976076 200.0 7.2975 0.01
4.494094461937348 70.30337978784448 33.91 15 0 23546.068532696194 200.0 7.535 0.01
4.207912960126935 71.46747300427899 35.55 15 0 34681.6987672547 200.0 7.745 0.01
4.207912960126935 73.17926448602277 38.85 18 0 37446.887178929544 200.0 8.195 0.01
3.5329017470092725 127.09669279306246 42.69 19 0 142493.9775428615 200.0 8.7125 0.01
3.5329017470092725 77.49312245850506 43.73 21 0 26909.48566079402 200.0 8.7875 0.01
3.5329017470092725 340.9922741302184 47.23232323232323 27 4 5029881.555243537 200.0 9.207070707070708 0.01
3.5329017470092725 10755.899592343774 47.24 23 0 2.303636360279121E10 200.0 9.245 0.01
3.5329017470092725 260.2711790148121 47.36 26 0 1989804.2264955568 200.0 9.1925 0.01
3.5329017470092725 12755.448600951877 46.64781491002571 22 11 3.500946199302121E10 200.0 9.115681233933161 0.02
3.5329017470092725 264.5157847025518 45.34010152284264 24 6 2812539.066076178 200.0 9.109137055837563 0.03
3.5329017470092725 193.4664961852511 46.63 25 0 1722712.0708504326 200.0 9.3325 0.04
3.037495974563076 226.68749159525294 46.52 24 0 943829.6164823216 200.0 9.3 0.05
3.037495974563076 677.9234288569182 46.09045226130653 23 2 3.1755140989473995E7 200.0 9.100502512562814 0.01
3.037495974563076 176.49823637203747 45.6 28 0 750121.016931291 200.0 8.9975 0.01
3.037495974563076 248.38841392885766 45.61 24 0 1320080.4181862928 200.0 8.9425 0.01
3.037495974563076 89.54589585148693 44.68 23 0 32114.78335928619 200.0 8.8725 0.01
3.037495974563076 137.40799284950015 45.57 24 0 198101.87584246226 200.0 9.0625 0.02
3.037495974563076 114.0157781257037 45.36 24 0 89857.73846012681 200.0 9.0375 0.03
2.653971845126877 146.7323068573748 48.09 44 0 162315.89373582066 200.0 9.325 0.04
2.653971845126877 123.2219247876198 46.85 45 0 72830.15120804776 200.0 9.225 0.01
2.653971845126877 137.45974927695448 46.26 44 0 135307.92016593151 200.0 9.0025 0.01
2.653971845126877 137.20656378637585 46.46 36 0 170597.54020282783 200.0 8.995 0.01
2.653971845126877 143.38012114660472 44.02 24 0 118994.81384705639 200.0 8.665 0.01
2.653971845126877 75.87995053061303 43.81 29 0 33105.87008901776 200.0 8.705 0.02
2.653971845126877 91.71775573893288 45.22 23 0 34391.62746896718 200.0 8.77 0.03
2.653971845126877 101.9501215349152 44.13 23 0 52494.60540713639 200.0 8.73 0.04
2.653971845126877 123.01509782993546 46.9 26 0 85552.68708334003 200.0 8.9025 0.05
2.653971845126877 90.49396305067623 47.41 24 0 39326.35503686638 200.0 8.99 0.060000000000000005
2.653971845126877 151.03028519051784 49.69 28 0 230506.9041559704 200.0 9.2025 0.07
2.653971845126877 129.93884592801473 48.22 32 0 116062.34053988107 200.0 9.035 0.08
2.653971845126877 189.72154071146213 52.66 31 0 378631.2444626218 200.0 9.5375 0.09
2.653971845126877 171.3797033656123 54.14 33 0 179883.42173507845 200.0 9.595 0.09999999999999999
2.3725241435511544 131.45189080101528 52.44 28 0 87585.12237803407 200.0 9.52 0.10999999999999999
2.3725241435511544 156.90406169063124 50.32 27 0 185170.28116104606 200.0 9.285 0.01
2.3725241435511544 162.1309893439575 50.9 27 0 272064.4737192445 200.0 9.2375 0.01
2.3725241435511544 108.81430129326534 47.03 25 0 49709.81806070631 200.0 8.9 0.01
2.3725241435511544 81.74406186504679 46.84 39 0 24416.023666582812 200.0 9.0275 0.01
2.3725241435511544 146.44930049687014 50.48 45 0 109648.64676591894 200.0 9.4175 0.02
2.3725241435511544 122.39771089948368 51.05 26 0 74160.11620761576 200.0 9.4075 0.03
2.3725241435511544 213.64298184096614 52.09 29 0 601380.0233403913 200.0 9.5325 0.04
2.3725241435511544 262.33987619932816 53.18 29 0 1302659.4687255549 200.0 9.67 0.05
2.3725241435511544 127.77285025471534 47.12 25 0 100753.0014080751 200.0 8.9175 0.060000000000000005
2.3725241435511544 290.9781583809374 48.73 25 0 5300292.477483649 200.0 9.16 0.07
2.3725241435511544 200.2701119310463 49.62 27 0 324452.54277993983 200.0 9.14 0.08
2.164028930722779 189.30352195056383 48.09 27 0 253472.51200484493 200.0 9.06 0.09
2.164028930722779 1302.2033075460145 50.81 28 0 5.83930508857678E7 200.0 9.4675 0.01
2.164028930722779 190.22400658560105 46.76 28 0 283718.25795673893 200.0 9.07 0.01
2.164028930722779 206.74949497946008 49.03 31 0 529665.7611223786 200.0 9.4225 0.01
2.164028930722779 374.47798338180417 48.64 29 0 3861188.3465864565 200.0 9.3425 0.01
2.164028930722779 144.85621262088856 47.0 22 0 93129.98510334213 200.0 9.105 0.02
2.164028930722779 223.04929214594242 47.99 25 0 817190.4696035999 200.0 9.2625 0.03
2.164028930722779 219.74078904402617 48.9 26 0 405643.58333737426 200.0 9.36 0.04
2.164028930722779 709.6299769829275 50.95 26 0 1.450085251968797E7 200.0 9.4625 0.05
2.164028930722779 235.09096687889934 50.39 24 0 1476430.3337426686 200.0 9.3575 0.060000000000000005
2.164028930722779 699.3452034786892 51.44 27 0 1.9320773433391985E7 200.0 9.4825 0.07
2.164028930722779 566.1792603065584 51.04 28 0 1.3768834231305465E7 200.0 9.3775 0.08
2.1615538682282516 427.95383189042406 52.25 28 0 5827196.937095269 200.0 9.5275 0.09
2.1615538682282516 1455.6193915739977 51.48223350253807 25 6 1.9977204674249634E8 200.0 9.451776649746193 0.01
2.1615538682282516 1356.0419791080612 47.7 22 0 1.0412694428048085E8 200.0 9.0 0.01
2.1615538682282516 252.83635742907595 44.53 20 0 1173438.5867314213 200.0 8.5775 0.01
2.1615538682282516 220.35765608720715 47.01 23 0 644205.075697122 200.0 8.8875 0.01
2.1615538682282516 213.3905141838358 46.87 23 0 631964.7100179206 200.0 8.8125 0.02
2.1615538682282516 217.81940772512164 49.63 25 0 460139.1464596255 200.0 9.2 0.03
2.0820346843665036 3265.1508832770182 49.54 24 0 1.0988287906428595E9 200.0 9.1775 0.04
2.0820346843665036 11447.131003527764 49.71859296482412 26 2 3.357191872088449E10 200.0 9.178391959798995 0.01
2.007944862682745 142.60434345917548 47.39 24 0 119770.51003141956 200.0 8.9225 0.01
2.007944862682745 1620.527195696158 49.95959595959596 25 4 1.618937228335805E8 200.0 9.065656565656566 0.01
2.007944862682745 162.22502606366322 47.2 22 0 304118.0388651208 200.0 8.84 0.01
2.007944862682745 145.68937044466765 46.55 21 0 164986.6504879533 200.0 8.7825 0.01
