#bestFitness averageFitness averageUsedGeneLength time invalids varFitness aveLength aveDerivationTreeDepth SlopeMutRate
59.65141247999999 2840.182206215233 14.855614973262032 1269 26 1.8121543640821419E9 200.0 4.120320855614973 0.0
5.325470948076061 464.00922479238136 10.76 621 0 19615.837846867245 200.0 3.5275 0.0
5.325470948076061 378.7679289324803 11.58 157 0 21972.951241202176 200.0 3.7825 0.0
5.325470948076061 300.2785514551174 16.7 200 0 23756.70481280206 200.0 4.6275 0.0
5.325470948076061 243.1592727325103 22.3 267 0 25821.58062720966 200.0 5.6375 0.0
5.325470948076061 214.29923369404133 24.66 230 0 59180.16220879271 200.0 6.3025 0.01
5.325470948076061 150.7411039864118 27.07 265 0 28349.266024556953 200.0 6.9525 0.02
5.286850812655935 144.596050332555 29.28 197 0 38921.092695224455 200.0 7.565 0.03
5.286850812655935 130.77685615075316 29.27 141 0 38402.78363864428 200.0 7.735 0.01
5.286850812655934 125.62346644922677 32.29 164 0 46904.61038421773 200.0 8.33 0.01
5.286850812655934 117.91816144362929 34.31 195 0 44099.641862645534 200.0 8.7525 0.01
3.3370300145888314 104.42482602149694 37.0 99 0 45144.76806720798 200.0 9.235 0.01
3.3370300145888314 95.35971029023196 36.83 115 0 33529.801934255745 200.0 9.2725 0.01
3.3370300145888314 98.56618528490772 37.64 170 0 38173.576866978554 200.0 9.4 0.01
3.3370300145888314 99.61063754589843 39.05 105 0 39394.202280571386 200.0 9.6025 0.01
3.3370300145888314 103.27467095597481 39.41 101 0 47369.660947432174 200.0 9.4725 0.01
3.3370300145888314 68.27892526264786 40.24 130 0 22849.08245734179 200.0 9.685 0.02
3.337030014588831 80.33976999206307 41.41 162 0 36926.77006759936 200.0 9.6475 0.03
3.337030014588831 119.4114136465075 43.3 76 0 71212.93079543342 200.0 9.565 0.01
3.250827093092969 104.43120787919561 46.68 114 0 48600.21004358878 200.0 9.825 0.01
3.250827093092969 151.85721080508668 47.89 111 0 94781.34814723067 200.0 9.725 0.01
3.1919256117195256 129.3137717459719 48.88 104 0 61745.202322492245 200.0 9.7325 0.01
3.086499155791798 223.2298310041745 50.43 155 0 370331.20961515955 200.0 9.78 0.01
3.086499155791798 295.6702297055305 50.994974874371856 153 2 1813653.152472287 200.0 9.793969849246231 0.01
3.086499155791798 194.41065479054942 51.89 129 0 181047.03124548757 200.0 9.725 0.01
3.086499155791798 195.9306077777628 51.56 135 0 150459.22221282532 200.0 9.8125 0.01
3.086499155791798 189.3176475507937 49.32 109 0 146072.2055209348 200.0 9.5875 0.01
3.086499155791798 178.3159701553954 50.52 101 0 144314.79519671548 200.0 9.7 0.02
3.086499155791798 124.42658972508231 51.09 89 0 55609.88122472793 200.0 9.725 0.03
3.062815484502182 182.06831799304004 52.0 156 0 147685.07297727116 200.0 9.7175 0.04
3.062815484502182 180.13147962271768 52.5 103 0 139716.49019436396 200.0 9.715 0.01
3.062815484502182 132.83468418532263 54.06 122 0 77055.75665872451 200.0 9.9025 0.01
3.062815484502182 123.9230824744887 53.84 92 0 57242.32379057482 200.0 9.895 0.01
3.062815484502182 156.30072662669681 52.16 85 0 96271.00944374078 200.0 9.75 0.01
3.062815484502182 187.21688601279598 52.39 97 0 129975.1412129629 200.0 9.7025 0.02
3.062815484502182 169.22368030500368 53.65 81 0 111894.755376601 200.0 9.76 0.03
3.062815484502182 124.76814592754134 52.66 78 0 55689.09340231802 200.0 9.7 0.04
3.062815484502182 132.3929008849869 51.19 79 0 64739.89443952576 200.0 9.69 0.05
3.062815484502182 173.54029865565255 52.54 145 0 154285.70779310112 200.0 9.7725 0.060000000000000005
3.0159094870584258 176.042672439449 51.92 118 0 138898.4820431746 200.0 9.7625 0.07
3.0040270370526434 229.3110413991656 52.4 131 0 302363.8767328518 200.0 9.7725 0.01
3.0040270370526434 219.52509212395174 51.45 88 0 164514.43331250024 200.0 9.695 0.01
3.0040270370526434 233.21444807052933 50.29 87 0 173296.69993101433 200.0 9.555 0.01
3.0040270370526434 184.92511225938793 51.01 101 0 132903.5074035649 200.0 9.69 0.01
3.0040270370526434 190.54733871922394 51.73 76 0 133640.3139334336 200.0 9.685 0.01
2.404390677235793 262.18929927470134 51.74 92 0 266233.97102118074 200.0 9.66 0.02
2.404390677235793 216.9327892605927 50.96 83 0 166168.28523768627 200.0 9.6175 0.01
2.404390677235793 215.34360353771106 52.95 110 0 178997.04219308298 200.0 9.7925 0.01
2.404390677235793 170.14842557856042 53.09 167 0 95205.21518773166 200.0 9.765 0.01
2.404390677235793 186.95978603130663 52.91 138 0 146927.789351844 200.0 9.77 0.01
2.404390677235793 187.3117087324061 50.28 97 0 130296.8526158032 200.0 9.8525 0.02
2.404390677235793 183.54146986991393 47.25 88 0 117172.17502351613 200.0 9.7375 0.03
2.404390677235793 147.24215075510517 42.7 65 0 85528.37035173444 200.0 9.49 0.04
2.119708491038716 134.52452506697946 41.26 56 0 75010.17558149279 200.0 9.665 0.05
2.119708491038716 145.7935329444701 41.48 65 0 139657.65882158198 200.0 9.81 0.01
2.0101324799999993 77.77176577947299 41.36 60 0 28141.965725609978 200.0 9.8175 0.01
1.8867026188843523 73.63953200415308 40.06 45 0 33360.79678477866 200.0 9.7775 0.01
1.7697888194565095 86.28108264068278 40.43 64 0 48674.32567063464 200.0 9.725 0.01
1.7697888194565095 93.42402741347634 41.06 64 0 51316.60879396242 200.0 9.695 0.01
1.7697888194565095 92.84057124085685 41.14 57 0 44145.38688524821 200.0 9.695 0.01
1.7697888194565095 97.82018825943612 43.47 95 0 56883.82759254654 200.0 9.8275 0.01
1.7697888194565095 86.15537034486918 43.44 60 0 47386.96597493284 200.0 9.7025 0.01
1.4112841132437695 73.57211978467994 45.15 65 0 33387.44879237484 200.0 9.84 0.02
1.4112841132437695 100.3120003155695 46.86 64 0 52724.14480782852 200.0 9.7625 0.01
1.4112841132437695 101.58438464765139 49.21 75 0 51341.33281311844 200.0 9.8725 0.01
1.4112841132437695 112.34903886204711 51.56 84 0 64435.376680779395 200.0 10.0025 0.01
1.4112841132437695 117.1451917992094 50.7 142 0 58634.39251519123 200.0 9.9 0.01
1.4112841132437695 130.47351816236153 53.22 149 0 70008.57849377579 200.0 9.975 0.02
1.4112841132437695 117.82564139292838 54.35 80 0 67301.56085286335 200.0 9.9625 0.03
1.4112841132437695 118.52555791782635 54.68 78 0 75200.09984116165 200.0 10.0025 0.04
1.3843469548874816 110.32158960673632 55.34 75 0 61669.85157394616 200.0 10.0625 0.05
1.3843469548874816 104.94373211889679 55.47 72 0 81518.11253594107 200.0 10.11 0.01
1.3843469548874816 78.43313323105953 55.34 70 0 33567.44739757173 200.0 10.0875 0.01
1.3843469548874816 111.77033856435023 54.62 65 0 66036.80253731011 200.0 9.825 0.01
1.3843469548874816 111.78817803139913 57.18 82 0 62732.31994746102 200.0 10.175 0.01
1.3843469548874816 101.64906942727872 58.13 73 0 49665.74289251265 200.0 10.2625 0.02
1.3843469548874816 158.51713027224824 58.71 78 0 144964.89006349962 200.0 10.2475 0.03
1.3843469548874816 151.01475442745675 58.61 60 0 142498.08120355502 200.0 10.2775 0.04
1.3843469548874816 157.8345885185722 59.59 66 0 133030.56238688226 200.0 10.44 0.05
1.3726421538251812 177.30492758730142 59.82 58 0 166897.03688100324 200.0 10.415 0.060000000000000005
1.3726421538251812 112.64311524003686 60.7 80 0 65353.49315194494 200.0 10.7375 0.01
1.3726421538251812 159.23466175137463 62.29 84 0 135443.44534236979 200.0 11.035 0.01
1.3726421538251812 122.65081567206869 60.51 60 0 69161.08001850007 200.0 10.7675 0.01
1.3726421538251812 107.58688462000185 61.23 69 0 61679.253437367224 200.0 10.7525 0.01
1.3726421538251812 202.80589188754945 62.66 85 0 220586.92817726242 200.0 10.9975 0.02
1.3726421538251812 148.39626955921725 62.37 77 0 115668.37867673923 200.0 10.875 0.03
1.3726421538251812 102.91437541892049 62.1 72 0 70286.80538645567 200.0 10.91 0.04
1.3726421538251812 144.75583344158906 62.12 67 0 138951.51712541783 200.0 10.81 0.05
1.3726421538251812 134.89618340807135 63.48 82 0 101795.27655871451 200.0 10.9475 0.060000000000000005
1.3726421538251812 124.71404202803582 61.67 78 0 80889.84355801313 200.0 10.7725 0.07
1.3704268371811705 88.92251387632058 64.69 83 0 33482.37258640829 200.0 11.0725 0.08
1.3704268371811705 112.61183845313344 65.34 91 0 80525.4324278942 200.0 11.1 0.01
1.3704268371811705 144.8074676964225 65.96 81 0 106562.28831651248 200.0 11.085 0.01
1.3704268371811705 167.96487548256758 65.9 82 0 159818.10454678047 200.0 11.1125 0.01
1.3704268371811705 129.42342458321298 65.08 84 0 85530.14117986987 200.0 10.9875 0.01
1.3704268371811705 158.97751647517788 66.07 83 0 151488.79420608722 200.0 11.0 0.02
1.3668457672284606 337.18995133239207 67.31 79 0 3731905.458246393 200.0 11.015 0.03
1.3668457672284606 231.03284886198765 70.68 109 0 761024.7446292046 200.0 11.32 0.01
1.3668457672284606 206.11228869207588 70.78 140 0 359304.07998308935 200.0 11.1375 0.01
1.3668457672284606 190.48944903742043 74.52 139 0 257380.23754643786 200.0 11.3725 0.01
1.3668457672284606 211.8466819097879 71.36 122 0 211670.3620256923 200.0 11.3625 0.01
