#bestFitness averageFitness averageUsedGeneLength time invalids varFitness aveLength aveDerivationTreeDepth SlopeMutRate
61.27061248000005 636.7881113403779 12.88 1253 25 939656.1594775815 200.0 3.8346666666666667 0.0
6.635092480000004 467.1447585125986 8.09 803 0 15552.822260236935 200.0 3.1725 0.0
6.635092480000004 398.0816765349216 8.15 136 0 17757.618166166296 200.0 3.22 0.0
5.7762124800000105 329.55393778355915 11.58 172 0 20453.146183423927 200.0 3.8225 0.0
5.7762124800000105 259.322538916618 14.64 185 0 21294.832423400556 200.0 4.42 0.0
4.953892480000009 205.77187941840657 18.08 272 0 23957.06105025545 200.0 5.0925 0.01
4.953892480000009 138.71477936376195 21.52 135 0 16045.067314460488 200.0 5.5 0.01
4.953892480000009 119.22814796775225 20.33 108 0 18279.71859018287 200.0 5.435 0.01
4.953892480000009 96.86165649085855 21.44 109 0 18273.8699267706 200.0 5.755 0.01
4.953892480000009 68.32924081935403 20.01 182 0 13612.710345318546 200.0 5.6475 0.01
4.953892480000009 60.012127503729324 20.37 122 0 13474.059665925906 200.0 5.8075 0.02
4.953892480000009 60.29247660937949 21.88 97 0 16178.459446810512 200.0 6.12 0.03
4.669333120000002 76.29424165291692 22.9 108 0 22674.592226304707 200.0 6.33 0.04
3.5506924800000097 77.50952552623569 24.34 92 0 20458.406048121775 200.0 6.4575 0.01
3.5506924800000097 66.69537466365566 24.71 71 0 18086.742888511075 200.0 6.61 0.01
3.5506924800000097 90.21211240023396 25.13 92 0 29035.077124474104 200.0 6.67 0.01
3.5506924800000097 96.68315723300148 26.04 82 0 27339.066590383205 200.0 6.82 0.01
3.5506924800000097 111.31566978793023 28.38 96 0 39326.50707313029 200.0 7.1475 0.01
3.5506924800000097 126.67474525934286 30.69 182 0 50821.49268879991 200.0 7.4775 0.02
3.5506924800000097 122.62136907466812 29.44 154 0 38614.815443853986 200.0 7.2875 0.03
1.9275724800000054 113.7256276629568 30.37 101 0 33521.35770701061 200.0 7.38 0.04
1.9275724800000054 127.00340458256848 31.08 103 0 41094.93270492086 200.0 7.4875 0.01
1.9275724800000054 109.16715217766192 31.36 75 0 31318.80807904207 200.0 7.525 0.01
1.9275724800000054 92.10879309731895 33.41 149 0 31026.889080119952 200.0 7.835 0.01
1.9275724800000054 120.32251996086488 35.18 97 0 40497.16785748207 200.0 8.1 0.01
1.9275724800000054 114.09414500561734 35.72 105 0 37971.877017255516 200.0 8.11 0.02
1.9275724800000054 123.96264819085917 34.54 81 0 38285.31419405791 200.0 8.0025 0.03
1.7723731200000015 127.65434892508762 36.51 74 0 42763.784684908846 200.0 8.335 0.04
1.1481508742144964 115.85474209601799 39.39 117 0 40326.384490572695 200.0 8.7725 0.01
1.1481508742144964 135.27548461578021 41.55 122 0 46761.90156760151 200.0 9.0475 0.01
1.1346124799999986 251.96818825620647 42.64160401002506 87 1 978921.1190199534 200.0 9.150375939849624 0.01
1.1346124799999986 138.03394862295875 42.39 75 0 41465.45052442413 200.0 9.2175 0.01
1.1346124799999968 226.93971555974574 45.7593984962406 73 1 597817.598995773 200.0 9.576441102756892 0.01
0.8231731199999948 142.14607617358274 43.39 91 0 43338.752965460095 200.0 9.2225 0.01
0.8231731199999948 128.05944655429337 42.79 61 0 36734.76224206707 200.0 9.295 0.01
0.8231731199999948 138.44607898365325 47.1 76 0 43665.77980354296 200.0 9.88 0.01
0.8231731199999948 134.17263718361565 47.6 76 0 41639.916098953145 200.0 9.87 0.01
0.8231731199999948 132.94224797285312 49.98 133 0 50174.55014772341 200.0 10.1875 0.01
0.8231731199999948 112.05324836581985 48.05 129 0 31989.652460704558 200.0 10.0825 0.02
0.8231731199999921 130.2845661785582 48.82 80 0 39738.284302838525 200.0 10.265 0.03
0.8231731199999921 150.8969763111574 49.58 80 0 50138.35869561203 200.0 10.405 0.01
0.8231731199999921 148.55692898657654 47.31 90 0 41737.44496854888 200.0 10.1525 0.01
0.8231731199999921 139.97838262654886 49.5 102 0 39212.15131793689 200.0 10.41 0.01
0.8231731199999921 139.44082395939685 49.82 94 0 41756.68005254184 200.0 10.5375 0.01
0.8231731199999921 151.79907409114594 49.79 122 0 39037.45929824427 200.0 10.5375 0.02
0.8231731199999921 155.36650156995387 50.09 87 0 42444.152704464526 200.0 10.6275 0.03
0.10005311999999941 172.6860079304084 52.5 115 0 50240.53662678564 200.0 11.04 0.04
0.10005311999999941 184.4067693545766 53.1 109 0 60270.168444353134 200.0 11.0825 0.01
0.10005311999999941 168.4710604623696 51.43 197 0 49363.745245741346 200.0 10.8925 0.01
0.10005311999999941 193.3903084761392 53.16 224 0 50127.92038481788 200.0 10.97 0.01
0.10005311999999941 250.64341435893184 50.09 166 0 154540.66448206257 200.0 10.5625 0.01
0.10005311999999941 209.60349734317523 52.49 142 0 55523.680525148695 200.0 10.8375 0.02
0.10005311999999941 175.68498660280497 52.25 188 0 42742.41856070773 200.0 10.9225 0.03
0.10005311999999941 172.38627860671488 55.6 139 0 45988.810466117015 200.0 11.38 0.04
0.10005311999999941 161.1543545609701 54.89 139 0 49932.54496288736 200.0 11.405 0.05
0.10005311999999941 155.28058393489778 54.81 175 0 40287.49496526643 200.0 11.3225 0.060000000000000005
0.10005311999999941 160.1909023730298 55.91 130 0 45957.51856657295 200.0 11.3775 0.07
0.10005311999999941 187.365507590124 55.44 122 0 49158.93974475815 200.0 11.3525 0.08
0.10005311999999941 208.83348491933967 53.44 82 0 74074.98808626426 200.0 10.86 0.09
0.10005311999999941 205.68581236525165 53.58 145 0 64597.15992957979 200.0 10.9775 0.09999999999999999
0.10005311999999941 172.18773514796166 54.63 165 0 44941.58515891036 200.0 11.1175 0.10999999999999999
0.10005311999999941 170.29417772993048 53.39 164 0 45755.15319252095 200.0 11.015 0.11999999999999998
0.10005311999999941 159.35831803573285 53.68 163 0 44626.08029777803 200.0 11.255 0.12999999999999998
0.10005311999999941 172.8719399611881 56.21 154 0 58876.326819684415 200.0 11.5 0.13999999999999999
0.10005311999999941 164.46582246403747 57.67 130 0 45859.8475834348 200.0 11.695 0.15
0.10005311999999941 161.26299409883998 55.44 117 0 44303.96675399671 200.0 11.64 0.16
0.10005311999999941 173.82071443387125 57.1 151 0 63548.06969145726 200.0 11.95 0.17
0.10005311999999941 324.9463104085801 54.39 125 0 4591064.565145364 200.0 11.445 0.18000000000000002
0.10005311999999941 200.38706379941243 57.47 194 0 85653.77879304621 200.0 11.6225 0.19000000000000003
0.10005311999999941 1341.240066632176 57.65829145728643 152 2 5.437488138291384E8 200.0 11.635678391959798 0.20000000000000004
0.10005311999999941 278.66973024998157 56.18 137 0 363443.5410123525 200.0 11.3225 0.21000000000000005
0.10005311999999941 203.1872133541965 52.49 140 0 55205.11558669773 200.0 11.0725 0.22000000000000006
0.10005311999999941 208.735722160322 54.02 110 0 51145.281425366484 200.0 11.1425 0.23000000000000007
0.10005311999999941 224.5338242015437 55.49 98 0 115559.27392696723 200.0 11.3875 0.24000000000000007
0.10005311999999941 225.39254841325368 58.1 135 0 84373.41602369584 200.0 11.575 0.25000000000000006
0.10005311999999941 205.5998136612533 57.92 220 0 72228.82169040706 200.0 11.5625 0.26000000000000006
0.10005311999999941 178.24576283518027 54.58 107 0 46238.887316097236 200.0 11.22 0.2700000000000001
0.10005311999999941 201.09571658907495 58.34 121 0 70521.87610380903 200.0 11.7875 0.2800000000000001
0.10005311999999941 210.631767555356 58.65 134 0 164267.07558410664 200.0 11.9 0.2900000000000001
0.10005311999999941 189.67081570057053 58.36 136 0 56675.797528320865 200.0 11.95 0.3000000000000001
0.10005311999999941 163.15876274196776 54.1 90 0 42017.48493644988 200.0 11.4075 0.3100000000000001
0.10005311999999941 174.45224375459512 58.29 167 0 68378.4260647293 200.0 11.775 0.3200000000000001
0.10005311999999933 166.53903515322733 56.86 105 0 45400.289325015845 200.0 11.77 0.3300000000000001
0.10005311999999933 193.54898913246404 61.32 157 0 63617.19466184912 200.0 12.0625 0.01
0.10005311999999933 234.30502188289344 56.82 109 0 122916.88014212548 200.0 11.445 0.01
0.10005311999999933 190.70250378889293 55.62 91 0 47452.40362422292 200.0 11.43 0.01
0.10005311999999933 207.11388689709437 57.5 127 0 78417.89781000112 200.0 11.7175 0.01
0.10005311999999933 203.8520803649562 57.06 91 0 66132.7580188329 200.0 11.53 0.02
0.10005311999999933 237.31016754407955 58.78 139 0 110098.45452795285 200.0 11.4975 0.03
0.10005311999999933 210.52852860082996 59.27 87 0 180114.45997429348 200.0 11.3675 0.04
0.10005311999999933 177.63651100950102 58.03 113 0 56150.901958178554 200.0 11.2975 0.05
0.10005311999999933 236.83108978179231 59.5 137 0 704365.8343122265 200.0 11.2775 0.060000000000000005
0.10005311999999933 177.1085136366167 60.42 178 0 51072.30752828734 200.0 11.525 0.07
0.10005311999999933 165.80152308137812 61.89 159 0 44050.36520429889 200.0 11.5675 0.08
0.10005311999999933 155.5901310640705 59.9 137 0 48175.86470406221 200.0 11.3325 0.09
0.10005311999999905 153.1311032506818 61.04 127 0 37208.1471797922 200.0 11.35 0.09999999999999999
0.10005311999999905 153.31873005853924 61.22 130 0 39014.80310245029 200.0 11.33 0.01
0.10005311999999905 170.95671369249064 60.48 107 0 46180.99732032358 200.0 11.075 0.01
0.10005311999999905 174.24077188843145 62.33 139 0 51570.683347002094 200.0 11.225 0.01
0.10005311999999905 190.7879378061769 60.38 104 0 48155.55926618471 200.0 11.1675 0.01
0.10005311999999905 183.42499502281237 63.24 118 0 49282.784846433526 200.0 11.4125 0.02
