#bestFitness averageFitness averageUsedGeneLength time invalids varFitness aveLength aveDerivationTreeDepth SlopeMutRate
20.371401802344653 164272.29222017303 15.423913043478262 1008 32 9.757694895091578E12 200.0 4.157608695652174 0.0
20.371401802344653 461.79792232351565 10.54 565 0 19399.968490163446 200.0 3.5175 0.0
20.371401802344653 403.34008578222813 10.7 197 0 21585.521540960166 200.0 3.62 0.0
5.77621248000001 334.06862284629284 12.8 163 0 26234.624433568926 200.0 4.025 0.0
5.77621248000001 271.88872308238615 15.57 197 0 28835.292621264955 200.0 4.57 0.0
5.77621248000001 243.69142128884664 17.51 148 0 42881.17679704535 200.0 5.08 0.01
5.77621248000001 184.35866844943203 20.35 212 0 36875.888578200866 200.0 5.525 0.01
5.77621248000001 164.3640357270009 20.51 196 0 90939.62713896688 200.0 5.66 0.01
5.77621248000001 117.79193098285072 17.31 131 0 42833.03973359241 200.0 5.37 0.02
5.77621248000001 82.95748893267522 17.35 94 0 22719.59851104979 200.0 5.465 0.03
5.77621248000001 78.32086679538448 18.4 208 0 38302.06989170736 200.0 5.6375 0.04
5.77621248000001 70.68280480873932 18.42 103 0 21837.95286594499 200.0 5.7 0.05
5.77621248000001 60.199479309677535 18.62 122 0 15916.207226087525 200.0 5.83 0.060000000000000005
5.77621248000001 37.119492372302474 19.36 101 0 7635.55473843892 200.0 6.0175 0.07
5.77621248000001 45.0804467065947 18.23 51 0 17251.5638471619 200.0 5.925 0.08
5.77621248000001 57.14593853921133 18.76 125 0 17735.011869477272 200.0 5.905 0.09
5.77621248000001 34.83738188019681 19.02 87 0 8767.662952138691 200.0 6.0325 0.09999999999999999
0.7429324800000011 41.3595525438215 19.2 74 0 10243.395324439869 200.0 6.0575 0.10999999999999999
0.7429324800000011 33.7950964420193 18.97 155 0 7994.540327670879 200.0 6.01 0.01
0.7429324800000011 44.28425474668341 19.27 137 0 11459.384628518024 200.0 6.0525 0.01
0.7429324800000011 56.647850778443924 19.41 116 0 16919.511212487687 200.0 5.99 0.01
0.7429324800000011 38.618719629146355 18.7 77 0 10337.651523200597 200.0 5.965 0.01
0.7429324800000011 51.61513396389917 20.15 69 0 18492.134287182977 200.0 6.1425 0.02
0.7429324800000011 95.49983617584569 20.63 60 0 132616.6002199971 200.0 6.2 0.03
0.7429324800000011 135.98035546582187 22.33 117 0 413612.8754696542 200.0 6.36 0.04
0.7429324800000011 458.66288073740674 23.16 118 0 3820072.2031471822 200.0 6.4475 0.05
0.7429324800000011 460.93522894776805 23.24 76 0 5628236.381017882 200.0 6.4725 0.060000000000000005
0.7429324800000011 571.9547924185772 24.56 68 0 7953206.132375407 200.0 6.685 0.07
0.7429324800000011 390.58298592036255 25.06 54 0 4007917.635505482 200.0 6.69 0.08
0.742932480000001 282.84533780624764 25.89 45 0 2480891.413332217 200.0 6.89 0.09
0.742932480000001 301.71955596273034 25.87 54 0 4196664.758547041 200.0 6.9175 0.01
0.742932480000001 615.2785264494611 25.21 53 0 8219904.500333867 200.0 6.8375 0.01
0.742932480000001 350.6227465052753 26.77 68 0 2891850.7753310488 200.0 7.025 0.01
0.742932480000001 230.77841063687643 25.75 62 0 1753506.6121614855 200.0 7.1125 0.01
0.742932480000001 270.9256323283232 26.94 52 0 1516423.9259455157 200.0 7.3625 0.02
0.7429324799999995 297.3445430740349 28.49 82 0 2260399.4176936653 200.0 7.73 0.03
0.7429324799999995 606.2234436889233 28.4 67 0 9309598.191792553 200.0 7.84 0.01
0.7429324799999995 118.17208911331188 29.16 138 0 279418.921433695 200.0 8.115 0.01
0.7429324799999995 147.97223682523813 29.4 67 0 493400.0183687444 200.0 8.3025 0.01
0.7429324799999995 193.49317824758623 31.05 54 0 568665.656378908 200.0 8.505 0.01
0.7429324799999995 215.65510825934257 31.0 56 0 790627.6623345633 200.0 8.5825 0.02
0.7429324799999995 758.346905764619 32.67 85 0 1.7796059400023814E7 200.0 8.6025 0.03
0.7429324799999995 669.722689828518 32.94 59 0 2.431085338076225E7 200.0 8.4725 0.04
0.7429324799999995 328.0899800215813 31.51 89 0 3186089.9166174736 200.0 8.1125 0.05
0.7429324799999995 409.4622304484085 33.4 75 0 3405153.6363054286 200.0 8.2 0.060000000000000005
0.7429324799999995 508.03863248911927 34.59 104 0 3769660.3913519667 200.0 8.17 0.07
0.7429324799999995 1660.5756778449183 35.09 53 0 6.366993191265181E7 200.0 8.0475 0.08
0.7429324799999995 410.5931651283585 35.01 64 0 1962384.603417111 200.0 8.0025 0.09
0.7429324799999995 246.32247308857418 34.57 44 0 622788.190356148 200.0 7.8625 0.09999999999999999
0.7429324799999995 795.1742408458399 36.38 61 0 1.4005454383091118E7 200.0 7.9225 0.10999999999999999
0.7429324799999995 393.7918835092218 37.17 61 0 1367646.8963993131 200.0 7.9675 0.11999999999999998
0.7429324799999995 507.0160203789487 35.96 65 0 2427683.428362513 200.0 7.84 0.12999999999999998
0.7429324799999995 422.33749350374916 39.26 79 0 1708045.9395942239 200.0 8.095 0.13999999999999999
0.7429324799999995 504.19771476507213 37.37 96 0 2584060.949373552 200.0 7.805 0.15
0.7429324799999995 626.4386685191204 37.63 100 0 4110127.4235762595 200.0 7.845 0.16
0.7429324799999995 316.6383035113122 36.47 100 0 1234707.3575889114 200.0 7.6525 0.17
0.7429324799999995 449.46983698166616 35.96 50 0 2240708.843188856 200.0 7.67 0.18000000000000002
0.7429324799999995 348.8361037719569 37.3 52 0 1103765.1764798316 200.0 7.7825 0.19000000000000003
0.7429324799999995 485.1918303127495 36.61 42 0 2270529.9328396847 200.0 7.7725 0.20000000000000004
0.7429324799999995 231.0791700063771 36.17 53 0 497597.13761245867 200.0 7.66 0.21000000000000005
0.7429324799999995 466.3066542157277 38.25 49 0 2903626.0192511003 200.0 7.89 0.22000000000000006
0.7429324799999995 219.82535687919554 37.43 49 0 343290.67571299366 200.0 7.8225 0.23000000000000007
0.7429324799999995 249.13318347820066 38.28 39 0 528079.8143816746 200.0 7.8525 0.24000000000000007
0.7429324799999995 468.3915177571644 40.65 62 0 2573606.061629781 200.0 8.095 0.25000000000000006
0.7429324799999995 399.4264425411065 40.09 64 0 1451734.575641101 200.0 7.9275 0.26000000000000006
0.7429324799999995 972.2107914663819 38.57 42 0 2.96585294410301E7 200.0 7.8275 0.2700000000000001
0.7429324799999995 625.1367481211565 39.14 92 0 4906386.375762624 200.0 7.9475 0.2800000000000001
0.7429324799999995 381.97197148788285 38.75 79 0 2053618.3400209555 200.0 7.8025 0.2900000000000001
0.7429324799999995 197.72130583527013 37.33 53 0 488961.04312864953 200.0 7.7075 0.3000000000000001
0.7429324799999995 418.4077891179597 39.88 56 0 2436270.988957313 200.0 8.015 0.3100000000000001
0.7429324799999995 625.4822045930781 39.72 60 0 5394829.847949878 200.0 7.925 0.3200000000000001
0.7429324799999995 1493.1071185445064 39.26 57 0 1.6425010634652078E8 200.0 7.9 0.3300000000000001
0.7429324799999995 517.7532285399714 39.26 47 0 4476445.990907382 200.0 7.925 0.34000000000000014
0.7429324799999995 2645.344761843434 41.88972431077694 53 1 7.00165139433961E8 200.0 8.162907268170427 0.35000000000000014
0.7429324799999995 269.5102080401215 39.15 50 0 922956.8900320441 200.0 7.8325 0.36000000000000015
0.7429324799999995 1005.1636361100667 40.02 48 0 3.1117665280745883E7 200.0 7.96 0.37000000000000016
0.7429324799999995 400.76750269349725 38.83 50 0 1453784.341691448 200.0 7.8725 0.38000000000000017
0.7429324799999995 594.7061025770486 39.89 75 0 5061208.329426047 200.0 7.9975 0.3900000000000002
0.7429324799999995 341.63559124621344 41.0 77 0 1385362.891096298 200.0 8.045 0.4000000000000002
0.7429324799999995 3751.9131200505035 41.21 89 0 1.2515127932249458E9 200.0 8.0175 0.4100000000000002
0.7429324799999995 3271.0892075544352 40.91 78 0 6.801342785133497E8 200.0 7.985 0.4200000000000002
0.7429324799999995 404.2241467237416 38.55 59 0 2328536.651207839 200.0 7.77 0.4300000000000002
0.7429324799999995 7928.005183132295 40.03 58 0 1.7730846668136562E10 200.0 7.9225 0.4400000000000002
0.7429324799999995 550.6208757714826 40.86 40 0 3804347.807661456 200.0 8.0825 0.45000000000000023
0.7429324799999995 230.29241441833426 38.28 43 0 604702.255980515 200.0 7.85 0.46000000000000024
0.7429324799999995 585.7986126993849 38.49 48 0 5106396.838926312 200.0 7.865 0.47000000000000025
0.7429324799999995 377.6769927868509 38.51 53 0 1754739.3444157494 200.0 7.845 0.48000000000000026
0.7429324799999995 901.1744153662689 38.42 48 0 2.192267198102438E7 200.0 7.7475 0.49000000000000027
0.7429324799999995 190.24155178209665 37.19 44 0 339416.355577335 200.0 7.6725 0.5000000000000002
0.7429324799999995 640.0155313512103 40.24 51 0 9849114.287974194 200.0 8.025 0.5100000000000002
0.7429324799999995 889.8683506975774 39.03 45 0 1.364500940045646E7 200.0 7.8825 0.5200000000000002
0.7429324799999995 715.5895582423625 38.62 66 0 5887149.991403239 200.0 7.8525 0.5300000000000002
0.7429324799999995 393.32288962630054 37.77 47 0 2105493.886852907 200.0 7.7975 0.5400000000000003
0.7429324799999995 392.70783013516035 38.34 58 0 2425140.8544583996 200.0 7.755 0.5500000000000003
0.7429324799999995 503.25657931981544 38.87 43 0 2799427.5486777322 200.0 7.915 0.5600000000000003
0.7429324799999995 328.62428815999425 39.82 49 0 1513695.713725571 200.0 8.06 0.5700000000000003
0.7429324799999995 362.6501534160041 39.58 58 0 1194840.1025450176 200.0 7.925 0.5800000000000003
0.7429324799999995 159.68031341322776 39.94 46 0 310368.7108752869 200.0 7.98 0.5900000000000003
0.7429324799999995 601.1975872238294 40.43 56 0 4303619.832170482 200.0 8.005 0.6000000000000003
0.7429324799999995 502.5296859269128 39.69 46 0 3001846.0071752626 200.0 7.9025 0.6100000000000003
0.7429324799999995 723.9053824893251 40.58 42 0 8746183.476826718 200.0 7.975 0.6200000000000003
