#bestFitness averageFitness averageUsedGeneLength time invalids varFitness aveLength aveDerivationTreeDepth SlopeMutRate
12.532372479999985 8445.207191029027 15.940700808625337 666 29 1.8251780387854378E10 200.0 4.196765498652291 0.0
12.532372479999985 463.0076885857663 11.53 395 0 19803.657380959696 200.0 3.57 0.0
12.532372479999985 386.66332860717665 13.24 176 0 21015.509757193926 200.0 3.9375 0.0
12.532372479999985 323.5054695783672 15.78 103 0 24918.142130386885 200.0 4.3925 0.0
12.532372479999985 247.30923791026026 17.11 102 0 23497.016634516713 200.0 4.7525 0.0
7.890590948076059 195.8389679123056 18.77 91 0 29816.316937664542 200.0 5.135 0.01
4.411732479999999 133.75752881333972 15.78 75 0 17946.73230640837 200.0 4.9275 0.01
4.411732479999999 75.9580719184498 15.3 69 0 9887.540860350786 200.0 4.9925 0.01
4.411732479999999 62.27532946226737 15.33 94 0 13932.997652082853 200.0 5.0025 0.01
4.411732479999999 47.63809944385555 16.67 57 0 11709.428909974971 200.0 5.2875 0.01
4.411732479999999 36.54491730341329 18.42 68 0 6922.192116939281 200.0 5.575 0.01
2.843451083496203 52.03186414415123 19.58 65 0 12219.172838584023 200.0 5.655 0.02
2.843451083496203 43.88878988176103 19.67 75 0 10421.955265771605 200.0 5.7075 0.01
2.843451083496203 53.68838958609178 21.97 96 0 15772.422835524258 200.0 5.905 0.01
2.843451083496203 108.41891369541734 25.34 151 0 78598.9915945096 200.0 6.37 0.01
2.843451083496203 65.15428375816978 26.3 74 0 23458.13759543912 200.0 6.4425 0.01
2.843451083496203 118.13326767918545 27.06 85 0 141274.8774994138 200.0 6.575 0.02
1.0 61.27882308609208 24.92 88 0 20130.58357963403 200.0 6.2425 0.03
1.0 45.812853986795616 24.65 60 0 12685.287428609845 200.0 6.1475 0.01
1.0 50.36493352187825 26.44 58 0 17840.34209828397 200.0 6.3725 0.01
1.0 188.29738535657162 27.36 48 0 1552556.5266066708 200.0 6.49 0.01
1.0 82.97461287969523 28.29 57 0 64453.98299920056 200.0 6.5875 0.01
1.0 71.02106318433252 29.83 79 0 29766.679316704216 200.0 6.71 0.02
1.0 121.68895118832359 30.59 86 0 190330.04932125888 200.0 6.76 0.03
1.0 76.70767357308424 31.22 75 0 25908.970748880358 200.0 6.9025 0.04
1.0 65.70204625075172 29.97 60 0 19658.472409009813 200.0 6.7325 0.05
1.0 76.12177002282837 32.95 45 0 25655.161662145216 200.0 7.045 0.060000000000000005
1.0 121.88261121617012 35.31 42 0 119072.57929412414 200.0 7.355 0.07
1.0 79.58477056572735 34.0 48 0 34615.69724757992 200.0 7.1625 0.08
1.0 72.3230677487897 35.89 41 0 15898.806337312677 200.0 7.3375 0.09
1.0 84.13722436664445 36.78 44 0 46356.151207033545 200.0 7.51 0.09999999999999999
1.0 64.44912225978011 35.39 48 0 27512.962481184128 200.0 7.37 0.10999999999999999
1.0 87.03054595717133 36.18 46 0 34365.41725592557 200.0 7.3875 0.11999999999999998
1.0 65.33262897036592 34.88 43 0 17408.455788461564 200.0 7.2825 0.12999999999999998
1.0 91.3015422923597 39.22 45 0 50166.221571387854 200.0 7.8025 0.13999999999999999
1.0 79.77746548048724 36.99 33 0 36667.49121830787 200.0 7.535 0.15
1.0 77.3381381761007 36.88 37 0 25309.947134871356 200.0 7.575 0.16
1.0 89.34667723358469 36.46 35 0 32809.43964615733 200.0 7.4975 0.17
1.0 99.68172293982344 36.43 41 0 71810.53637371249 200.0 7.51 0.18000000000000002
1.0 59.207220121591256 36.88 44 0 13726.52448742486 200.0 7.5325 0.19000000000000003
1.0 65.16755230362205 36.8 57 0 31447.902449689955 200.0 7.5125 0.20000000000000004
1.0 71.23292136596714 37.1 46 0 18993.373374433824 200.0 7.545 0.21000000000000005
1.0 80.83937095547823 39.65 49 0 40499.978540456184 200.0 7.81 0.22000000000000006
1.0 74.86626329052591 40.2 42 0 57637.19529836795 200.0 7.9025 0.23000000000000007
1.0 69.13190629338067 38.61 51 0 20898.53750781781 200.0 7.63 0.24000000000000007
1.0 80.4590184928887 38.62 45 0 27158.337219536526 200.0 7.65 0.25000000000000006
1.0 79.16144495311845 38.33 20 0 71572.16186735666 200.0 7.6575 0.26000000000000006
1.0 62.44179613603216 40.25 37 0 17235.74891004715 200.0 7.93 0.2700000000000001
1.0 52.8166757788048 38.48 31 0 12700.14470291728 200.0 7.7275 0.2800000000000001
1.0 83.28512667005946 39.18 26 0 86839.66370712662 200.0 7.7775 0.2900000000000001
1.0 74.09450548969495 38.72 31 0 30388.50374791813 200.0 7.7575 0.3000000000000001
1.0 78.60079814727811 39.83 34 0 29568.454138106517 200.0 7.8025 0.3100000000000001
1.0 196.58077542884678 41.0 26 0 981789.3406231591 200.0 7.9275 0.3200000000000001
1.0 75.19139081923444 39.1 26 0 29206.590589957217 200.0 7.715 0.3300000000000001
1.0 91.96783644281417 38.7 34 0 72124.69675713239 200.0 7.75 0.34000000000000014
1.0 120.97050359896706 39.42 33 0 183344.04609827363 200.0 7.7125 0.35000000000000014
1.0 73.60145535295125 39.9 36 0 21057.602062843474 200.0 7.8675 0.36000000000000015
1.0 60.409249422336394 40.26 29 0 14180.281559331299 200.0 7.8875 0.37000000000000016
1.0 82.37974904117142 38.72 41 0 32749.220983155556 200.0 7.7725 0.38000000000000017
1.0 44.99676047177082 38.68 25 0 9635.34031213585 200.0 7.7675 0.3900000000000002
1.0 77.70936456530865 39.32 24 0 36592.01963664331 200.0 7.79 0.4000000000000002
1.0 64.70048440429152 38.6 35 0 15872.628408165472 200.0 7.78 0.4100000000000002
1.0 74.86940224049141 38.68 29 0 25892.270557651693 200.0 7.7325 0.4200000000000002
1.0 63.35050199470956 37.8 33 0 15711.872278168828 200.0 7.6825 0.4300000000000002
1.0 60.384939669096354 38.1 30 0 16544.646944899057 200.0 7.7 0.4400000000000002
1.0 73.77546972979057 36.56 30 0 25464.80852614383 200.0 7.535 0.45000000000000023
1.0 86.37554817170476 36.15 25 0 53630.08287146794 200.0 7.455 0.46000000000000024
1.0 105.44032321045637 37.95 25 0 67139.0655584627 200.0 7.6775 0.47000000000000025
1.0 69.69456046174506 37.34 32 0 17665.56301449338 200.0 7.57 0.48000000000000026
1.0 102.65823864767606 38.85 38 0 65050.599731420276 200.0 7.8 0.49000000000000027
1.0 81.68784920539989 38.96 38 0 29881.214470799296 200.0 7.785 0.5000000000000002
1.0 54.27637946029784 39.03 32 0 9490.704058386964 200.0 7.88 0.5100000000000002
1.0 64.45522555471756 37.06 46 0 22583.90800483926 200.0 7.6575 0.5200000000000002
1.0 83.53881077261842 38.38 24 0 42987.30099653439 200.0 7.73 0.5300000000000002
1.0 79.81659549193047 37.9 17 0 34495.09994790253 200.0 7.6075 0.5400000000000003
1.0 108.50047346442717 38.65 29 0 88728.35904890095 200.0 7.72 0.5500000000000003
1.0 70.55542744231894 38.99 24 0 18212.01547269182 200.0 7.8125 0.5600000000000003
1.0 309.40278348602607 38.76 25 0 6798630.19455787 200.0 7.7675 0.5700000000000003
1.0 72.4321876944412 38.05 26 0 24541.92183972183 200.0 7.6675 0.5800000000000003
1.0 93.67766408637277 38.46 33 0 50438.942386073504 200.0 7.75 0.5900000000000003
1.0 97.62825891754221 39.98 35 0 60152.577850122936 200.0 7.925 0.6000000000000003
1.0 180.67494601562686 38.38 19 0 1149571.5111896298 200.0 7.7675 0.6100000000000003
1.0 70.54882447973964 38.25 21 0 26028.076532822288 200.0 7.695 0.6200000000000003
1.0 166.03176179321446 38.27 20 0 700397.231643143 200.0 7.71 0.6300000000000003
1.0 77.4743949624892 37.27 27 0 37230.387727609545 200.0 7.5825 0.6400000000000003
1.0 96.07142836830062 38.35 32 0 41680.36564487476 200.0 7.73 0.6500000000000004
1.0 76.58665663867934 36.64 22 0 20236.036000482258 200.0 7.535 0.6600000000000004
1.0 85.2791691605753 36.86 27 0 28833.388500300596 200.0 7.535 0.6700000000000004
1.0 72.00719325685624 37.22 21 0 20770.706322963168 200.0 7.5475 0.6800000000000004
1.0 88.2199374556335 38.08 28 0 32840.414723273636 200.0 7.6625 0.6900000000000004
1.0 86.18756368980712 37.26 32 0 25747.917181480836 200.0 7.61 0.7000000000000004
1.0 74.36688069289634 38.57 35 0 23919.688411824856 200.0 7.74 0.7100000000000004
1.0 89.79908331669972 37.7 21 0 40334.06951820867 200.0 7.6525 0.7200000000000004
1.0 95.71455801347632 38.3 19 0 57169.30432932787 200.0 7.7425 0.7300000000000004
1.0 96.92133598052506 39.39 19 0 110779.74731578266 200.0 7.83 0.7400000000000004
1.0 57.46638946991921 38.1 20 0 15842.57735524957 200.0 7.705 0.7500000000000004
1.0 110.89939750879036 39.43 23 0 103868.35534656262 200.0 7.88 0.7600000000000005
1.0 86.14978072840714 39.83 26 0 42412.36980188962 200.0 7.9275 0.7700000000000005
1.0 58.71375662181028 39.8 18 0 13767.104694316913 200.0 7.9075 0.7800000000000005
1.0 63.7947113646382 39.57 20 0 43024.40516755387 200.0 7.895 0.7900000000000005
1.0 158.7910644578681 39.13 18 0 758930.8773869687 200.0 7.9025 0.8000000000000005
