#bestFitness averageFitness averageUsedGeneLength time invalids varFitness aveLength aveDerivationTreeDepth SlopeMutRate
15.08309248 1443.3694497709846 17.73913043478261 411 32 6.222534373715734E7 200.0 4.480978260869565 0.0
15.08309248 454.4043508058064 13.03 215 0 22010.167770259737 200.0 3.815 0.0
9.641812480000011 382.58924476020684 12.66 95 0 27378.77063363461 200.0 3.925 0.0
9.64181248000001 315.7884608123467 15.22 58 0 33938.47158116297 200.0 4.375 0.0
9.64181248000001 238.51179416135744 15.37 51 0 29759.001102823895 200.0 4.6275 0.0
9.64181248000001 159.68755446200868 14.81 49 0 18396.038443722086 200.0 4.6475 0.01
9.64181248000001 159.3865455507453 17.74 54 0 89794.82695025353 200.0 5.1575 0.01
4.411732479999996 106.44071140721474 18.34 38 0 18869.80436274971 200.0 5.2375 0.01
4.411732479999996 94.70795837390148 21.23 42 0 23929.854794918137 200.0 5.6225 0.01
4.411732479999996 87.50982944630158 21.63 49 0 30770.616777292 200.0 5.775 0.01
4.411732479999996 75.656832967524 23.13 54 0 22154.528597142915 200.0 6.02 0.01
4.411732479999996 116.10008396392068 23.49 56 0 84200.49191567667 200.0 6.0825 0.01
4.411732479999996 91.30424890001026 23.84 49 0 37077.88921170079 200.0 6.1425 0.02
4.411732479999994 96.50382545157119 24.31 48 0 36178.66083558334 200.0 6.1625 0.03
4.411732479999994 152.172327945148 26.56 47 0 783919.3919001584 200.0 6.355 0.01
4.411732479999994 96.94252435572997 25.57 37 0 63918.97872313923 200.0 6.1525 0.01
4.411732479999994 84.40884899340493 25.35 38 0 30251.94341241039 200.0 6.0175 0.01
4.411732479999994 203.08185689241643 27.353535353535353 39 4 969465.443617458 200.0 6.186868686868687 0.01
4.411732479999994 168.4365650410371 28.77386934673367 97 2 422462.28124360036 200.0 6.276381909547739 0.02
4.411732479999994 302.8320814814294 31.04 47 0 4063753.941020937 200.0 6.495 0.03
4.411732479999994 172.22329952294058 31.49 39 0 470244.9701473498 200.0 6.45 0.04
4.411732479999994 134.70067024172621 32.46 43 0 134955.13403553126 200.0 6.5925 0.05
4.411732479999994 267.40557657776816 32.6 53 0 1376990.1929156804 200.0 6.5575 0.060000000000000005
4.411732479999994 2958.4788892069623 35.52141057934509 41 3 2.9333801453897758E9 200.0 6.8639798488664985 0.07
4.411732479999994 313.29741080715985 36.18 47 0 1761376.9527250847 200.0 6.9 0.08
3.3999999999999906 1787.3926838776965 35.7632241813602 68 3 6.739548932981923E8 200.0 6.934508816120907 0.09
3.3999999999999906 475.8390422938597 36.39393939393939 65 4 4175886.8025257634 200.0 7.116161616161616 0.01
3.3999999999999906 1480.121912355101 36.56641604010025 51 1 1.3925709291678703E8 200.0 7.042606516290727 0.01
3.3999999999999906 4466.938574115439 37.64646464646464 50 4 6.071076616538357E9 200.0 7.184343434343434 0.01
3.3999999999999906 377.77198313793457 38.67 66 0 2047014.4901718702 200.0 7.195 0.01
3.3999999999999906 96492.77723159309 38.28498727735369 72 7 2.5092138001528555E12 200.0 7.2264631043257 0.02
3.3999999999999906 2065.8849364334483 38.45 99 0 1.9796271228503427E8 200.0 7.26 0.03
3.3999999999999906 931.8446605163329 37.47826086956522 50 9 1.0295346385647932E8 200.0 7.286445012787723 0.04
3.3999999999999906 3307.6590290386766 35.39698492462311 42 2 3.5477099728586903E9 200.0 7.135678391959799 0.05
3.3999999999999906 154483.8699226379 38.84318766066838 53 11 8.456501327174313E12 200.0 7.593830334190232 0.060000000000000005
3.3999999999999906 1357.6828210353067 37.888888888888886 48 4 9.718032662416528E7 200.0 7.484848484848484 0.07
3.3999999999999906 1739.9246129435428 37.97 53 0 4.288217132600008E8 200.0 7.59 0.08
3.3999999999999906 11003.87598420657 38.670103092783506 75 12 3.638320211319899E10 200.0 7.608247422680412 0.09
3.3999999999999906 358.1076954824194 35.9440203562341 77 7 5665036.222459065 200.0 7.292620865139949 0.09999999999999999
3.3999999999999906 140014.1781162799 34.60204081632653 48 8 7.537246576160058E12 200.0 7.081632653061225 0.10999999999999999
3.3999999999999906 353.74315552129366 36.2 46 0 6560459.204183061 200.0 7.26 0.11999999999999998
3.3999999999999906 176.8196209080023 34.67 33 0 2357062.0593989347 200.0 7.1325 0.12999999999999998
3.3999999999999906 3487.143448065792 36.90909090909091 60 4 3.2336139458993554E9 200.0 7.383838383838384 0.13999999999999999
3.3999999999999906 74005.99373438153 35.41772151898734 35 5 1.953111635750042E12 200.0 7.177215189873418 0.15
3.3999999999999906 1696.661993989263 36.42239185750636 74 7 2.8846414734933674E8 200.0 7.244274809160306 0.16
3.3999999999999906 9916.558496296297 36.91370558375635 97 6 2.5304771799206852E10 200.0 7.253807106598985 0.17
3.3999999999999906 6912.95046849603 36.649874055415616 92 3 1.5262912720883806E10 200.0 7.287153652392947 0.18000000000000002
3.3999999999999906 1376.209731947635 38.77157360406091 109 6 2.3008499452435926E8 200.0 7.48984771573604 0.19000000000000003
3.3999999999999906 118.80863126581576 36.13 73 0 118395.27454403174 200.0 7.15 0.20000000000000004
3.3999999999999906 165.28430672961449 35.5 68 0 371543.0723390156 200.0 7.0775 0.21000000000000005
3.3999999999999906 19042.56090606788 34.30075187969925 40 1 1.2010219672456339E11 200.0 6.9448621553884715 0.22000000000000006
3.3999999999999906 7168.567662066646 36.111111111111114 40 4 7.0693063973699875E9 200.0 7.209595959595959 0.23000000000000007
1.0 1659.3955845304843 36.476190476190474 39 1 3.6745378959473956E8 200.0 7.220551378446116 0.24000000000000007
1.0 2092.4927709096564 36.02020202020202 38 4 8.213011277651552E8 200.0 7.159090909090909 0.01
1.0 545.7724173022912 36.09 45 0 1.5032154496462785E7 200.0 7.1825 0.01
1.0 3432.288956222143 36.186397984886646 43 3 2.5126673685568213E9 200.0 7.216624685138539 0.01
1.0 397.92168658289086 36.89 45 0 8418648.418652521 200.0 7.345 0.01
1.0 7600.504169801763 37.16279069767442 51 13 1.5967511095647404E10 200.0 7.4186046511627906 0.02
1.0 2999.7218476718076 37.91939546599496 56 3 1.799708549001741E9 200.0 7.551637279596977 0.03
1.0 527.2763307085103 36.52896725440806 60 3 1.3116828089908626E7 200.0 7.392947103274559 0.04
1.0 913.6140313235601 38.37 98 0 2.6082711534464594E7 200.0 7.6675 0.05
1.0 524.9428744326278 39.82828282828283 44 4 2.0890488848625705E7 200.0 7.924242424242424 0.060000000000000005
1.0 15789.45684051153 38.55 51 0 4.12861258672623E10 200.0 7.96 0.07
1.0 3133.2876450197505 39.79 40 0 3.1767834780260506E9 200.0 8.13 0.08
1.0 2854.722422873758 40.92111959287532 57 7 2.292211894417549E9 200.0 8.244274809160306 0.09
1.0 3141.333813995088 39.618090452261306 41 2 3.3777692826915197E9 200.0 8.080402010050252 0.09999999999999999
1.0 716.7962413896907 40.087403598971726 54 11 6.1240504002334274E7 200.0 8.182519280205655 0.10999999999999999
1.0 1585.1936474392178 41.82784810126582 46 5 4.487631628936712E8 200.0 8.384810126582279 0.11999999999999998
1.0 3299.0607870911986 39.39746835443038 38 5 3.274604816813695E9 200.0 8.179746835443037 0.12999999999999998
1.0 874.7548532023336 42.54683544303798 51 5 4.149967757005656E7 200.0 8.49873417721519 0.13999999999999999
1.0 245.20150035587199 42.526582278481015 45 5 1878103.4902626767 200.0 8.574683544303797 0.15
1.0 339.01269389340837 43.06 53 0 5310192.878813031 200.0 8.66 0.16
1.0 421.75755704419817 41.61 39 0 6771476.982599483 200.0 8.52 0.17
1.0 2500.7964107413527 41.95 47 0 1.3316673050642536E9 200.0 8.5825 0.18000000000000002
1.0 686.5090206856534 43.06185567010309 50 12 1.1736047685029855E7 200.0 8.626288659793815 0.19000000000000003
1.0 301.6495124733922 41.17 42 0 1643072.293423572 200.0 8.4875 0.20000000000000004
1.0 5785.801189906698 41.37688442211055 44 2 1.1324034968199646E10 200.0 8.381909547738694 0.21000000000000005
1.0 839.3672513534376 40.74 37 0 5.0560432173684016E7 200.0 8.385 0.22000000000000006
1.0 486.6423289455541 39.44897959183673 30 8 3.896023985663552E7 200.0 8.25765306122449 0.23000000000000007
1.0 291.9890604321408 42.3 41 0 1826886.6333904753 200.0 8.6475 0.24000000000000007
1.0 494.5156296330301 40.7390180878553 47 13 2.730202456803267E7 200.0 8.423772609819121 0.25000000000000006
1.0 247.8787318548722 42.62 42 0 676065.2066016203 200.0 8.675 0.26000000000000006
1.0 396.19461252197596 43.08354430379747 39 5 1.368625700924131E7 200.0 8.711392405063291 0.2700000000000001
1.0 648.4052620137462 42.422680412371136 46 12 3.6452133653304644E7 200.0 8.618556701030927 0.2800000000000001
1.0 2414.180984229254 40.02030456852792 39 6 9.476569578747454E8 200.0 8.352791878172589 0.2900000000000001
1.0 390.07619216135436 40.89 34 0 6525821.304878404 200.0 8.4925 0.3000000000000001
1.0 2413.66950174632 42.3609022556391 36 1 1.5528562094494174E9 200.0 8.664160401002507 0.3100000000000001
1.0 414.08265200822467 43.22 38 0 5859672.866887535 200.0 8.7825 0.3200000000000001
1.0 328.3328286689429 41.45 36 0 3931032.9792599557 200.0 8.485 0.3300000000000001
1.0 831.5590039996886 41.57788944723618 33 2 1.2642656549496186E8 200.0 8.633165829145728 0.34000000000000014
1.0 317.25122340943966 41.78787878787879 34 4 2769043.231333465 200.0 8.545454545454545 0.35000000000000014
1.0 42543.169345461756 42.45454545454545 36 4 6.61657867763693E11 200.0 8.636363636363637 0.36000000000000015
1.0 1437.1588797166057 42.28498727735369 36 7 4.874509142263411E8 200.0 8.694656488549619 0.37000000000000016
1.0 193.92769646193187 41.67 33 0 728589.2413642186 200.0 8.555 0.38000000000000017
1.0 239.2096542602945 45.28 44 0 1688994.7703266924 200.0 8.995 0.3900000000000002
1.0 525.4908297168205 43.72431077694235 41 1 1.7203737163999584E7 200.0 8.726817042606516 0.4000000000000002
1.0 1987.8109349349031 43.09278350515464 48 12 3.0004710326844263E8 200.0 8.592783505154639 0.4100000000000002
1.0 985.4213329776763 41.94 37 0 5.223544215750823E7 200.0 8.5325 0.4200000000000002
1.0 6160.864897205791 42.280701754385966 28 1 6.636935379642715E9 200.0 8.656641604010025 0.4300000000000002
1.0 2827.000889273741 42.53266331658291 37 2 1.9686121015458484E9 200.0 8.585427135678392 0.4400000000000002
1.0 250.76288084687968 42.38 40 0 1777301.7589638715 200.0 8.635 0.45000000000000023
