#bestFitness averageFitness averageUsedGeneLength time invalids varFitness aveLength aveDerivationTreeDepth SlopeMutRate
34.90421248000004 1922.7500244383298 13.614730878186968 920 47 3.0852527630323863E8 200.0 3.7903682719546743 0.0
5.394772480000004 472.90900428457377 7.71 396 0 14204.386526808192 200.0 3.09 0.0
5.394772480000004 404.54989797304546 8.59 195 0 19259.473747519696 200.0 3.31 0.0
5.394772480000004 339.5223075071045 10.59 186 0 21671.14204407447 200.0 3.7425 0.0
5.394772480000004 262.92700187635387 13.85 148 0 22709.48470351888 200.0 4.3575 0.0
5.394772480000004 206.79789095674826 15.73 154 0 23492.950737735053 200.0 4.81 0.01
5.394772480000004 165.0022635498588 19.61 87 0 30153.498294503555 200.0 5.325 0.02
0.742932480000001 168.82226585632597 21.5 56 0 79359.21687913376 200.0 5.6175 0.03
0.5890826962862381 126.60840759613144 22.99 63 0 52082.191849465904 200.0 5.8275 0.01
0.5890826962862381 516.8145809071158 26.030075187969924 80 1 3.3674554756806776E7 200.0 6.280701754385965 0.01
0.5890826962862381 308.47914846753054 24.07 45 0 5752376.796526563 200.0 6.055 0.01
0.5890826962862381 118.85260410466073 22.73 40 0 189748.9306325585 200.0 5.9275 0.01
0.5890826962862381 68.95501001667732 25.59 46 0 40108.86511695208 200.0 6.2775 0.01
0.5890826962862381 72.46871408259653 25.91 58 0 35396.43080791178 200.0 6.2875 0.02
0.5890826962862381 82.28230961809344 26.73 45 0 37784.26914992823 200.0 6.5025 0.03
0.5890826962862381 133.0844061273992 28.45 50 0 209853.18371922107 200.0 6.6475 0.04
0.5890826962862381 88.04043700871495 26.74 39 0 39674.64843349877 200.0 6.4075 0.05
0.5890826962862381 107.99678419354555 28.91 45 0 91719.71241483463 200.0 6.71 0.060000000000000005
0.5890826962862381 151.6470056142979 30.18 53 0 339332.1359610983 200.0 6.845 0.07
0.5890826962862381 79.12898155882957 29.45 34 0 26106.46018797244 200.0 6.7825 0.08
0.5890826962862381 89.92775831562689 29.79 36 0 38313.525847806275 200.0 6.87 0.09
0.5890826962862381 79.80640248851316 31.82 49 0 28928.429293550136 200.0 7.13 0.09999999999999999
0.5890826962862381 73.47198091929425 33.38 52 0 23307.60048079624 200.0 7.375 0.10999999999999999
0.5890826962862381 227.03312484279144 34.94 75 0 734081.8015159842 200.0 7.4725 0.11999999999999998
0.5890826962862381 103.89010083207496 35.66 89 0 57146.50266039002 200.0 7.625 0.12999999999999998
0.5890826962862381 109.92689086956858 33.93 108 0 66929.25234637018 200.0 7.3525 0.13999999999999999
0.5376758968707241 73.79061794368306 36.89 53 0 26324.8204561766 200.0 7.7325 0.15
0.5376758968707241 72.37651508902458 36.57 78 0 22731.25236675008 200.0 7.7775 0.01
0.3398104105691202 69.31962868665494 37.13 48 0 21921.938193538605 200.0 7.8175 0.01
0.3398104105691202 89.2729365066788 37.31 44 0 33911.11097774881 200.0 7.8775 0.01
0.3398104105691202 92.4274562592189 42.53 46 0 53920.78829087293 200.0 8.565 0.01
0.3398104105691202 174.20926541556793 43.4 71 0 931594.7614563082 200.0 8.69 0.01
0.3398104105691202 74.4532949710864 43.1 50 0 23297.554085834363 200.0 8.6975 0.01
0.3398104105691202 111.97443575666038 44.31 51 0 92447.59942602861 200.0 8.8225 0.02
0.3398104105691202 166.65014748858349 45.96 48 0 254215.25135415673 200.0 8.9225 0.03
0.3398104105691202 121.6007835447851 44.7 36 0 114457.1267408861 200.0 8.84 0.04
0.3398104105691202 94.82522492479087 45.39 70 0 44502.487832748004 200.0 9.0175 0.05
0.3398104105691202 194.60936643440215 45.77 78 0 662341.2474660318 200.0 9.04 0.060000000000000005
0.3398104105691202 107.24261006263885 44.61 73 0 44147.91464267589 200.0 8.78 0.07
0.3398104105691202 313.2242383815811 45.19 73 0 1739672.505177398 200.0 8.8625 0.08
0.3398104105691202 163.50421942317038 44.03 47 0 267951.97950808844 200.0 8.8525 0.09
0.3398104105691202 101.87637429666464 46.84 37 0 47844.628004220016 200.0 9.195 0.09999999999999999
0.3398104105691202 267.58258910774316 47.98 35 0 938593.3220545677 200.0 9.3775 0.10999999999999999
0.3398104105691202 170.92733669851702 46.97 42 0 110039.56861852694 200.0 9.18 0.11999999999999998
0.3398104105691202 262.72175321651736 45.77 48 0 693671.8158134987 200.0 9.0225 0.12999999999999998
0.3398104105691202 100.84197834257635 44.33 36 0 44366.43321087767 200.0 8.9 0.13999999999999999
0.3398104105691202 107.93813438031181 45.38 51 0 62831.40263044398 200.0 9.0375 0.15
0.3398104105691202 224.70082123571643 44.5 48 0 612360.2034881637 200.0 8.925 0.16
0.3398104105691202 122.1887812285667 46.69 55 0 86270.91808854544 200.0 9.1475 0.17
0.3398104105691202 116.1873656156789 44.53 42 0 83831.37072869205 200.0 8.9025 0.18000000000000002
0.3398104105691202 130.6273815070837 44.98 57 0 105188.43371950035 200.0 8.94 0.19000000000000003
0.3398104105691202 192.87628467053335 44.59 43 0 468336.5732979812 200.0 8.8875 0.20000000000000004
0.3398104105691202 139.48423605699102 43.57 35 0 149255.70577387002 200.0 8.8275 0.21000000000000005
0.3398104105691202 189.59518230117357 45.4 43 0 429579.6781317315 200.0 9.0575 0.22000000000000006
0.3398104105691202 186.69874655261307 46.51 49 0 719474.243917079 200.0 9.3075 0.23000000000000007
0.3398104105691202 105.33082195709194 45.13 48 0 78347.0885450919 200.0 9.0 0.24000000000000007
0.3398104105691202 80.01200705941014 45.23 59 0 35129.388754888576 200.0 8.9825 0.25000000000000006
0.3398104105691202 98.85618803365578 44.93 56 0 52755.02496979919 200.0 9.0325 0.26000000000000006
0.3398104105691202 169.9913397522222 45.03 49 0 279081.2264009655 200.0 9.0875 0.2700000000000001
0.3398104105691202 117.32927302527364 47.74 56 0 84294.48984001586 200.0 9.3525 0.2800000000000001
0.3398104105691202 116.24803126999268 46.13 45 0 80967.31334201392 200.0 9.2125 0.2900000000000001
0.3398104105691202 106.00155766170838 46.07 48 0 47610.538888577306 200.0 9.14 0.3000000000000001
0.3398104105691202 156.81462461338876 46.85 52 0 206952.49388023707 200.0 9.195 0.3100000000000001
0.3398104105691202 172.4342104686544 47.38 49 0 294129.3904060447 200.0 9.3 0.3200000000000001
0.3398104105691202 265.72884414131204 45.48 43 0 814452.5253741823 200.0 9.0525 0.3300000000000001
0.3398104105691202 105.98311710161136 44.65 44 0 85553.10696218096 200.0 8.88 0.34000000000000014
0.3398104105691202 97.82335880223985 44.0 30 0 54981.3862238109 200.0 8.8175 0.35000000000000014
0.3398104105691202 108.96877456921823 45.54 33 0 132545.83996755208 200.0 9.0825 0.36000000000000015
0.3398104105691202 128.84737805437214 46.71 41 0 107707.7126584019 200.0 9.295 0.37000000000000016
0.3398104105691202 97.73594646307153 46.79 36 0 80524.34967499928 200.0 9.305 0.38000000000000017
0.3398104105691202 107.24984486789326 44.5 35 0 77519.60121277934 200.0 9.005 0.3900000000000002
0.3398104105691202 113.78709086532366 46.92 28 0 87859.63799129402 200.0 9.3175 0.4000000000000002
0.3398104105691202 163.66904057847728 45.41 38 0 283094.646004836 200.0 9.08 0.4100000000000002
0.3398104105691202 92.51556652955405 46.31 27 0 31726.604154873537 200.0 9.195 0.4200000000000002
0.3398104105691202 209.33806042764118 46.58 33 0 271360.6545521616 200.0 9.3075 0.4300000000000002
0.3398104105691202 189.90631210777485 47.99 43 0 239556.03913483687 200.0 9.4075 0.4400000000000002
0.3398104105691202 95.01687539637395 46.14 32 0 30989.35146720523 200.0 9.055 0.45000000000000023
0.3398104105691202 148.34452888359033 45.69 30 0 172303.9672981767 200.0 9.08 0.46000000000000024
0.3398104105691202 228.36311570905417 49.62 45 0 547341.5242544359 200.0 9.62 0.47000000000000025
0.3398104105691202 100.24011674275798 46.84 36 0 66259.27500462352 200.0 9.24 0.48000000000000026
0.3398104105691202 91.16093527861749 48.14 41 0 56019.75090168422 200.0 9.405 0.49000000000000027
0.3398104105691202 207.78844596310972 49.61 43 0 403396.9476810988 200.0 9.5375 0.5000000000000002
0.3398104105691202 145.24926229235967 48.76 27 0 204593.20152726525 200.0 9.385 0.5100000000000002
0.3398104105691202 164.73946405173675 48.29 33 0 188324.469296116 200.0 9.265 0.5200000000000002
0.3398104105691202 147.7086415141331 46.95 30 0 138323.8638321014 200.0 9.205 0.5300000000000002
0.3398104105691202 160.8102097472946 48.17 31 0 295739.66260941187 200.0 9.3275 0.5400000000000003
0.3398104105691202 130.12262767078468 47.55 26 0 92704.73763863198 200.0 9.255 0.5500000000000003
0.3398104105691202 145.75732973949383 48.77 28 0 115570.10557060776 200.0 9.4675 0.5600000000000003
0.3398104105691202 101.74624791914366 45.52 24 0 37084.80888549801 200.0 9.045 0.5700000000000003
0.3398104105691202 82.706149120862 46.94 26 0 32033.076119651414 200.0 9.21 0.5800000000000003
0.3398104105691202 201.31181221348027 47.28 26 0 463435.95676612423 200.0 9.12 0.5900000000000003
0.3398104105691202 82.81252433597503 44.44 30 0 30298.286068190864 200.0 8.9675 0.6000000000000003
0.3398104105691202 125.54162587825806 45.53 32 0 104742.6111704357 200.0 9.095 0.6100000000000003
0.3398104105691202 137.46450824470674 45.17 28 0 82455.98567716722 200.0 9.0475 0.6200000000000003
0.3398104105691202 93.7251362867231 45.53 26 0 47511.60453214748 200.0 9.14 0.6300000000000003
0.3398104105691202 230.9151434199722 48.39 34 0 1103583.4063541398 200.0 9.3175 0.6400000000000003
0.3398104105691202 232.0139151163013 45.36 23 0 977234.639382045 200.0 9.06 0.6500000000000004
0.3398104105691202 140.05449811959542 46.18 23 0 160801.6862695322 200.0 9.245 0.6600000000000004
0.3398104105691202 115.05530427937356 46.18 22 0 99403.4721294404 200.0 9.155 0.6700000000000004
0.3398104105691202 157.30866502643002 47.73 28 0 257272.03634199328 200.0 9.3825 0.6800000000000004
0.3398104105691202 108.67567159652819 44.35 21 0 69216.66714931102 200.0 8.9 0.6900000000000004
