#bestFitness averageFitness averageUsedGeneLength time invalids varFitness aveLength aveDerivationTreeDepth SlopeMutRate
6.15711999999999 1528.7494263723274 16.483516483516482 1134 36 2.2866972145846775E8 200.0 4.178571428571429 0.0
6.15711999999999 459.0173805424921 10.76 651 0 23909.92741708158 200.0 3.575 0.0
6.15711999999999 379.13721336106244 13.1 187 0 28629.15555925825 200.0 4.18 0.0
3.858793746578667 305.75949369280494 18.83 272 0 29623.77666790582 200.0 5.29 0.0
3.858793746578667 267.5574836963991 21.77 270 0 45595.3975950318 200.0 6.0525 0.0
3.858793746578667 209.25420724794668 25.86 224 0 38860.45934174179 200.0 6.94 0.01
3.858793746578667 206.24509539974514 28.71 221 0 71950.71681680449 200.0 7.6125 0.01
3.858793746578667 184.46512883291152 30.17 192 0 79431.78965264511 200.0 7.92 0.01
0.7429324800000019 151.4484789453373 30.83 217 0 82146.79254396996 200.0 8.225 0.02
0.7429324800000019 134.90103826792023 32.4 207 0 52020.43333097525 200.0 8.5425 0.01
0.7429324800000019 177.7591013259477 33.26 218 0 111936.95146530602 200.0 8.5625 0.01
0.7429324800000019 175.57203674415186 33.72 287 0 110125.79958542039 200.0 8.5075 0.01
0.7429324800000019 131.91411840598047 34.73 141 0 43531.80246327681 200.0 8.4625 0.01
0.7429324800000019 136.1099774944361 35.03 143 0 43701.045496137216 200.0 8.55 0.02
0.7429324800000019 131.50684569748861 35.29 155 0 52255.9768261551 200.0 8.4625 0.03
0.7429324800000019 141.81773450061021 35.39 160 0 59439.60527255846 200.0 8.525 0.04
0.7429324800000019 135.13350136483268 35.77 149 0 64193.240911342 200.0 8.595 0.05
0.7429324800000019 115.57647402600995 36.21 209 0 32251.922399480194 200.0 8.78 0.060000000000000005
0.7429324800000019 155.77541336778847 35.82 177 0 79504.54190770538 200.0 8.8525 0.07
0.7429324800000008 165.44594106869005 35.73 206 0 89290.32219894895 200.0 9.1325 0.08
0.7429324800000008 175.14626650540416 35.54 178 0 111958.66240140774 200.0 9.205 0.01
0.7429324800000008 139.49000373324446 35.17 141 0 86635.15082295438 200.0 9.48 0.01
0.7429324800000008 116.27876153621861 34.88 148 0 58470.2746936974 200.0 9.68 0.01
0.7429324800000008 117.10650134230282 34.56 149 0 59548.40085758715 200.0 9.7975 0.01
0.7429324800000008 150.43319838848 34.36 160 0 108462.2323877372 200.0 9.8375 0.02
0.7429324800000008 95.26477031870787 34.17 172 0 45003.88357773235 200.0 9.9125 0.03
0.7429324800000008 86.59666843196081 34.07 91 0 35234.03475626499 200.0 9.96 0.04
0.7429324800000008 75.80618576158238 34.02 110 0 36454.84854535924 200.0 9.99 0.05
0.7429324800000008 101.01433446543227 34.02 121 0 49392.236744252 200.0 9.99 0.060000000000000005
0.7429324800000008 98.21628981460884 34.01 117 0 41986.914591514826 200.0 9.995 0.07
0.7429324800000008 77.16663810987372 34.0 75 0 26747.762111288484 200.0 10.0 0.08
0.7429324800000008 92.57238276837482 34.0 86 0 44473.867384367 200.0 10.0 0.09
0.7429324800000008 81.33656008741337 34.0 99 0 33805.55595606498 200.0 10.0 0.09999999999999999
0.7429324800000008 71.19555559869356 34.0 179 0 23201.46076478573 200.0 10.0 0.10999999999999999
0.7429324800000008 71.26195528887129 34.0 94 0 24158.584718115846 200.0 10.0 0.11999999999999998
0.7429324800000008 87.87996387331576 34.0 102 0 53297.75135939506 200.0 10.0 0.12999999999999998
0.7429324800000008 92.02142103771992 34.0 79 0 48234.600159986374 200.0 10.0 0.13999999999999999
0.7429324800000008 69.45910766361747 34.0 71 0 25994.0140290817 200.0 10.0 0.15
0.7429324800000008 72.59256820479139 34.0 88 0 33223.70299471608 200.0 10.0 0.16
0.7429324800000008 74.65368264569965 34.0 58 0 31931.15933435473 200.0 10.0 0.17
0.7429324800000008 110.47423180427172 34.0 44 0 65855.18531083399 200.0 10.0 0.18000000000000002
0.7429324800000008 64.29401291198157 34.0 59 0 17203.914506113346 200.0 10.0 0.19000000000000003
0.7429324800000008 65.12677598526979 34.0 43 0 22989.213574592137 200.0 10.0 0.20000000000000004
0.7429324800000008 42.61271454419066 34.0 44 0 7222.662100767894 200.0 10.0 0.21000000000000005
0.7429324800000008 65.80025952108078 34.0 34 0 25648.670952149947 200.0 10.0 0.22000000000000006
0.7429324800000008 70.1317154179502 34.0 86 0 23691.0430346811 200.0 10.0 0.23000000000000007
0.7429324800000008 67.3069043868998 34.0 47 0 24826.125074612406 200.0 10.0 0.24000000000000007
0.7429324800000008 64.88036264913221 34.0 55 0 25236.215760497496 200.0 10.0 0.25000000000000006
0.7429324800000008 54.385018795097615 34.0 101 0 15758.139960058796 200.0 10.0 0.26000000000000006
0.7429324800000008 57.216410237279995 34.0 51 0 14354.871326188097 200.0 10.0 0.2700000000000001
0.7429324800000008 58.504142855691754 34.0 41 0 16369.49788153316 200.0 10.0 0.2800000000000001
0.7429324800000008 55.26983892854339 34.0 66 0 14664.374786830722 200.0 10.0 0.2900000000000001
0.7429324800000008 85.86351227393567 34.0 51 0 37152.32501143734 200.0 10.0 0.3000000000000001
0.7429324800000008 66.81859684672318 34.0 116 0 20101.47284010606 200.0 10.0 0.3100000000000001
0.7429324800000008 79.36092611233128 34.0 48 0 42901.1436134611 200.0 10.0 0.3200000000000001
0.7429324800000008 97.06447501373667 34.0 69 0 62352.61286993951 200.0 10.0 0.3300000000000001
0.7429324800000008 59.931544618409504 34.0 41 0 19588.960467542896 200.0 10.0 0.34000000000000014
0.7429324800000008 76.02656770664355 34.0 43 0 30026.18222752277 200.0 10.0 0.35000000000000014
0.7429324800000008 89.41180894591264 34.0 40 0 44818.033418074985 200.0 10.0 0.36000000000000015
0.7429324800000008 74.98053234684762 34.0 32 0 26485.53278599001 200.0 10.0 0.37000000000000016
0.7429324800000008 58.435860146156976 34.0 47 0 15490.91274542383 200.0 10.0 0.38000000000000017
0.7429324800000008 104.71060365139986 34.0 56 0 52246.86515990957 200.0 10.0 0.3900000000000002
0.7429324800000008 66.8227340148529 34.0 70 0 23503.4099560005 200.0 10.0 0.4000000000000002
0.7429324800000008 85.60479929779628 34.0 95 0 36929.09164321156 200.0 10.0 0.4100000000000002
0.7429324800000008 76.97191795295443 34.0 97 0 32438.099559650884 200.0 10.0 0.4200000000000002
0.7429324800000008 73.25448214986281 34.0 104 0 27370.801479932285 200.0 10.0 0.4300000000000002
0.7429324800000008 72.13882653916824 34.0 48 0 29698.94847490573 200.0 10.0 0.4400000000000002
0.7429324800000008 68.89944993981912 34.0 84 0 23153.50863416885 200.0 10.0 0.45000000000000023
0.7429324800000008 57.978951453896606 34.0 59 0 13180.923699266932 200.0 10.0 0.46000000000000024
0.7429324800000008 72.95604789236273 34.0 41 0 28898.314921006913 200.0 10.0 0.47000000000000025
0.7429324800000008 61.632576512111044 34.0 50 0 19938.447307760547 200.0 10.0 0.48000000000000026
0.7429324800000008 72.39393937382648 34.0 84 0 25082.795833696895 200.0 10.0 0.49000000000000027
0.7429324800000008 83.81322118359685 34.0 35 0 31887.75696362746 200.0 10.0 0.5000000000000002
0.7429324800000008 58.723257179252414 34.0 30 0 16857.11060246395 200.0 10.0 0.5100000000000002
0.7429324800000008 57.56950434731522 34.0 24 0 19061.137856145167 200.0 10.0 0.5200000000000002
0.7429324800000008 70.29695731073153 34.0 37 0 23744.883299844772 200.0 10.0 0.5300000000000002
0.7429324800000008 84.5660511728118 34.0 40 0 35376.62779362534 200.0 10.0 0.5400000000000003
0.7429324800000008 62.910096233854894 34.0 36 0 18912.460319508253 200.0 10.0 0.5500000000000003
0.7429324800000008 79.04617084727542 34.0 41 0 34056.71467087802 200.0 10.0 0.5600000000000003
0.7429324800000008 78.83232381871535 34.0 82 0 25787.853092506855 200.0 10.0 0.5700000000000003
0.7429324800000008 74.86835596506839 34.0 27 0 25040.009004661133 200.0 10.0 0.5800000000000003
0.7429324800000008 94.00552490496563 34.0 33 0 48979.30844126249 200.0 10.0 0.5900000000000003
0.7429324800000008 56.50158469723488 34.0 28 0 17175.725134775264 200.0 10.0 0.6000000000000003
0.7429324800000008 69.3292325605295 34.0 28 0 31214.24299105099 200.0 10.0 0.6100000000000003
0.7429324800000008 41.779682467195855 34.0 52 0 6764.048421197913 200.0 10.0 0.6200000000000003
0.7429324800000008 83.0369032739647 34.0 31 0 34811.56738114022 200.0 10.0 0.6300000000000003
0.7429324800000008 67.44612467335219 34.0 29 0 19473.36099652398 200.0 10.0 0.6400000000000003
0.7429324800000008 91.09287490010179 34.0 33 0 42238.536657236575 200.0 10.0 0.6500000000000004
0.7429324800000008 65.03190404537196 34.0 37 0 21286.518481188406 200.0 10.0 0.6600000000000004
0.7429324800000008 92.04896201632405 34.0 23 0 63446.99296413452 200.0 10.0 0.6700000000000004
0.7429324800000008 71.34151780105952 34.0 24 0 27147.801097122432 200.0 10.0 0.6800000000000004
0.7429324800000008 58.46820175338026 34.0 21 0 22069.50839307437 200.0 10.0 0.6900000000000004
0.7429324800000008 70.3581930342517 34.0 42 0 35314.59710792722 200.0 10.0 0.7000000000000004
0.7429324800000008 60.75554906173982 34.0 24 0 22498.799843181692 200.0 10.0 0.7100000000000004
0.7429324800000008 78.3461490286929 34.0 26 0 43857.009449233774 200.0 10.0 0.7200000000000004
0.7429324800000008 84.46605418674356 34.0 28 0 37338.27117955524 200.0 10.0 0.7300000000000004
0.7429324800000008 64.84496491924726 34.0 40 0 21208.732555694067 200.0 10.0 0.7400000000000004
0.7429324800000008 69.64043559586473 34.0 32 0 23616.327612020123 200.0 10.0 0.7500000000000004
0.7429324800000008 67.14356728387158 34.0 21 0 18546.578034007332 200.0 10.0 0.7600000000000005
0.7429324800000008 69.33823894036308 34.0 39 0 21766.389745160377 200.0 10.0 0.7700000000000005
0.7429324800000008 64.37317455032515 34.0 26 0 21893.45853171161 200.0 10.0 0.7800000000000005
