#bestFitness averageFitness averageUsedGeneLength time invalids varFitness aveLength aveDerivationTreeDepth SlopeMutRate
5.776212480000021 44734.443433334614 14.010840108401084 1234 31 6.088096195922506E11 200.0 4.005420054200542 0.0
5.776212480000021 440.3872761887778 7.08 593 0 19771.768381612204 200.0 3.135 0.0
5.776212480000021 356.1994561541484 8.95 209 0 23053.003399113193 200.0 3.545 0.0
5.7762124800000105 276.1187463233519 12.64 159 0 25784.636417755595 200.0 4.2925 0.0
5.39477248000001 204.11075050318942 16.85 168 0 27295.951397281955 200.0 5.14 0.0
5.39477248000001 143.69375389675707 16.21 242 0 20397.92079884246 200.0 5.185 0.01
5.39477248000001 95.85608024100216 15.5 124 0 15818.42658627711 200.0 5.235 0.01
5.39477248000001 60.94781475736171 15.83 134 0 10894.513347818764 200.0 5.3375 0.01
5.39477248000001 42.13640117973825 15.79 117 0 6462.2810831066445 200.0 5.365 0.01
5.39477248000001 41.94055385237126 15.44 122 0 6551.071286012268 200.0 5.3025 0.02
5.39477248000001 25.553444480000003 14.65 97 0 2427.123207625989 200.0 5.1575 0.03
5.39477248000001 37.51457256875458 14.34 92 0 6054.0680151502565 200.0 5.0775 0.04
5.07426540160252 22.059896281104006 14.23 83 0 1950.6925952554438 200.0 5.0475 0.05
5.07426540160252 27.583386687504017 14.16 99 0 3219.6938616436514 200.0 5.03 0.01
4.974716643768085 26.504858486617454 14.27 71 0 3398.063369632457 200.0 5.0375 0.01
4.974716643768085 21.317991938425465 14.48 91 0 2488.09977230261 200.0 5.0675 0.01
4.974716643768085 20.749167231254642 15.44 34 0 1748.6837976775487 200.0 5.195 0.01
4.974716643768085 31.522229022461183 15.76 52 0 6786.991750625794 200.0 5.2525 0.01
4.974716643768085 21.354647150989464 16.38 48 0 2362.599708153363 200.0 5.33 0.01
4.974716643768085 24.55008710601753 18.32 38 0 3067.0398144482024 200.0 5.5975 0.02
4.818904345141997 49.36823555639918 21.22 59 0 11590.850831121996 200.0 5.9675 0.03
4.40003708336195 49.7119583493657 23.58 71 0 13692.116700855831 200.0 6.3 0.01
4.40003708336195 72.57535235372052 24.7 85 0 44606.053836124585 200.0 6.4475 0.01
4.40003708336195 77.05509665984468 27.3 146 0 39950.52987389747 200.0 6.8225 0.01
4.40003708336195 76.86814503038559 27.32 197 0 43049.133751059744 200.0 6.84 0.01
4.40003708336195 79.19502516642474 28.74 74 0 39016.5238034962 200.0 7.045 0.01
4.40003708336195 130.575582799515 29.92 123 0 181719.78855604722 200.0 7.22 0.02
4.40003708336195 104.41866784397124 28.76 128 0 76757.1270946589 200.0 7.03 0.03
4.40003708336195 137.23407891591972 30.77 85 0 355079.6046963396 200.0 7.305 0.04
4.40003708336195 79.90722224792955 31.58 75 0 38171.80269253554 200.0 7.3575 0.05
4.368346258278545 93.3080356349302 31.36 68 0 50099.101564187 200.0 7.29 0.060000000000000005
4.368346258278545 88.87212491366046 28.5 75 0 43596.76595604912 200.0 6.985 0.01
4.368346258278545 66.84617891211686 28.84 111 0 19507.50664571384 200.0 7.0375 0.01
4.368346258278545 74.85071982222631 31.57 69 0 36249.88264457841 200.0 7.3225 0.01
4.368346258278545 82.49652054363308 30.77 44 0 54174.799650663255 200.0 7.2525 0.01
4.368346258278545 93.47713358104629 30.88 58 0 49682.39322171027 200.0 7.26 0.02
4.368346258278545 79.15266495684388 31.93 77 0 36199.118865469136 200.0 7.4175 0.03
4.204117093633882 80.14373188420515 31.76 84 0 40213.654472076356 200.0 7.425 0.04
4.204117093633882 77.64861427374626 32.18 143 0 28976.979014359084 200.0 7.4725 0.01
4.081389605025878 83.88475416194363 32.47 67 0 41805.75282856912 200.0 7.51 0.01
4.081389605025878 77.44623653059371 32.33 57 0 33993.84815736227 200.0 7.4925 0.01
4.081389605025878 102.50253969218 32.58 82 0 73300.7673168002 200.0 7.46 0.01
4.081389605025878 60.10239239672056 29.37 109 0 19677.63017764522 200.0 7.1 0.01
4.081389605025878 52.595510002462454 29.9 108 0 12839.572636879006 200.0 7.1925 0.01
4.081389605025878 65.69126146323451 31.56 177 0 22531.17070346327 200.0 7.38 0.02
4.052268271363423 108.59044451625512 31.58 163 0 129333.78806392249 200.0 7.3675 0.03
4.052268271363423 113.14269844571676 33.36 109 0 127459.37165617217 200.0 7.5475 0.01
4.052268271363423 86.77071218566303 33.75 83 0 46668.345217319315 200.0 7.715 0.01
4.052268271363423 332.88247367574746 36.97 123 0 2175733.0370124727 200.0 8.0575 0.01
4.052268271363423 134.41389326602118 36.23 84 0 93301.04542526684 200.0 8.04 0.01
4.052268271363423 136.527161557246 36.07 76 0 169707.4776095111 200.0 7.9975 0.02
4.052268271363423 171.96427600138088 38.32 144 0 204390.58917004426 200.0 8.245 0.03
4.052268271363423 253.20943431388113 37.32 160 0 1136506.170812275 200.0 8.135 0.04
4.052268271363423 163.8185394949761 36.65 50 0 406959.2111505851 200.0 8.0775 0.05
4.052268271363423 100.0099369675215 36.6 128 0 57746.11115724886 200.0 8.09 0.060000000000000005
4.052268271363423 83.5011369282496 37.66 61 0 42968.91568646024 200.0 8.24 0.07
4.052268271363423 121.85771781070552 40.33 175 0 72933.92451420138 200.0 8.6325 0.08
4.052268271363423 126.81401963990706 40.54 118 0 129142.89322992088 200.0 8.645 0.09
4.052268271363423 110.35960734854604 42.09 178 0 87037.60613402218 200.0 8.855 0.09999999999999999
3.611228775286264 101.69745492970519 42.77 137 0 72819.08517968547 200.0 8.985 0.10999999999999999
3.611228775286264 223.46479203746136 44.2 99 0 918601.2046924545 200.0 9.1175 0.01
3.611228775286264 125.84854982986546 46.01 92 0 88000.0066485458 200.0 9.3825 0.01
3.611228775286264 127.19378511858993 47.59 81 0 89036.7732399977 200.0 9.6 0.01
3.611228775286264 83.79084664383652 46.35 74 0 51347.95812545448 200.0 9.5 0.01
3.611228775286264 115.82999011828237 46.57 123 0 96020.73155233836 200.0 9.4775 0.02
3.611228775286264 67.56698385465096 46.25 78 0 26944.32380026981 200.0 9.4775 0.03
3.611228775286264 100.0812155599618 45.97 79 0 54267.613823822736 200.0 9.4575 0.04
3.611228775286264 305.83663656539665 45.93 101 0 1424205.8279014688 200.0 9.41 0.05
3.611228775286264 202.70639978188504 44.16 119 0 381680.62298406055 200.0 9.1875 0.060000000000000005
3.611228775286264 115.3156122636765 43.08 88 0 63572.359033963774 200.0 9.08 0.07
3.611228775286264 130.0291640788629 42.45 83 0 78862.35439891995 200.0 9.0075 0.08
3.611228775286264 169.71226484010649 42.59 65 0 251133.20301891715 200.0 8.995 0.09
3.611228775286264 177.65744969556366 41.52 88 0 178222.18195043478 200.0 8.8925 0.09999999999999999
3.611228775286264 137.64761846823342 41.31 117 0 96339.2896626873 200.0 8.865 0.10999999999999999
3.611228775286264 120.936056928913 40.95 85 0 69669.86447972614 200.0 8.83 0.11999999999999998
3.611228775286264 138.76727131691632 41.03 75 0 118065.00865514136 200.0 8.84 0.12999999999999998
3.611228775286264 87.97206384659177 40.85 69 0 40136.86884804659 200.0 8.8275 0.13999999999999999
3.611228775286264 134.08519080235033 41.23 136 0 145691.1805842337 200.0 8.9025 0.15
3.611228775286264 318.8550985245775 41.73 141 0 2161671.1594463456 200.0 8.96 0.16
3.611228775286264 146.10517834070072 41.53 75 0 105621.99428016096 200.0 8.94 0.17
3.611228775286264 184.59033426167443 41.14 91 0 520698.5154002048 200.0 8.885 0.18000000000000002
3.611228775286264 222.35447675149678 41.35 73 0 912035.8044958339 200.0 8.905 0.19000000000000003
3.611228775286264 111.62965963102111 41.34 54 0 59982.04778789111 200.0 8.9 0.20000000000000004
3.611228775286264 88.38333240786623 40.9 79 0 42027.213555764385 200.0 8.84 0.21000000000000005
3.611228775286264 221.02741861055037 41.24 55 0 754184.7520556333 200.0 8.89 0.22000000000000006
3.611228775286264 144.24124591466992 41.47 73 0 107911.34501765872 200.0 8.925 0.23000000000000007
3.611228775286264 231.0157873775827 41.79 62 0 756271.3217520617 200.0 8.97 0.24000000000000007
1.8206279813857398 132.66946483508136 41.86 68 0 117883.63704604939 200.0 8.98 0.25000000000000006
1.8206279813857398 107.66864664322898 41.93 79 0 63443.18103691516 200.0 8.99 0.01
1.8206279813857398 242.8712352199627 41.93 71 0 1215032.4555288502 200.0 8.99 0.01
1.8206279813857398 111.93461948586344 41.93 84 0 77655.56515802178 200.0 8.99 0.01
1.8206279813857398 134.85689610763617 42.0 72 0 105660.1182267608 200.0 9.0 0.01
1.8206279813857398 155.3018033801924 42.0 118 0 161878.44774835356 200.0 9.0 0.02
1.8206279813857398 120.50567321759746 42.0 83 0 70200.2733256459 200.0 9.0 0.03
1.8206279813857398 123.16338703385807 42.0 93 0 67121.9599246423 200.0 9.0 0.04
1.8206279813857398 145.64469203941732 42.0 103 0 116368.44043221934 200.0 9.0 0.05
1.8206279813857398 123.52596475221507 42.0 79 0 84311.463368556 200.0 9.0 0.060000000000000005
1.8206279813857398 169.31946117969213 42.0 113 0 188786.06828273204 200.0 9.0 0.07
1.8206279813857398 263.44197558725625 42.0 89 0 553875.3160465894 200.0 9.0 0.08
1.8206279813857398 218.32733210627993 42.0 75 0 374896.69971121824 200.0 9.0 0.09
1.8206279813857398 211.9353696840916 42.0 97 0 279493.29112863395 200.0 9.0 0.09999999999999999
