#bestFitness averageFitness averageUsedGeneLength time invalids varFitness aveLength aveDerivationTreeDepth SlopeMutRate
39.16117248000005 1060.190197915786 15.550802139037433 821 26 1.552343100888947E7 200.0 4.109625668449198 0.0
28.69877248000003 478.56279010989863 11.59 524 0 22046.527814166227 200.0 3.6025 0.0
28.69877248000003 412.06427049194394 12.18 179 0 18317.586090151253 200.0 3.755 0.0
22.485652480000017 346.86353264820895 16.37 187 0 20202.40268135575 200.0 4.52 0.0
15.389332480000007 321.42452110212605 21.98 139 0 55501.64453669733 200.0 5.4975 0.0
5.39477248000001 260.20609881422405 23.0 129 0 41405.69019942232 200.0 5.8425 0.01
5.39477248000001 221.350647210743 26.49 267 0 52143.48787470624 200.0 6.515 0.01
5.39477248000001 184.88061114744306 24.67 182 0 51294.62959425656 200.0 6.295 0.01
5.39477248000001 148.97603612799895 22.4 132 0 43102.58914105344 200.0 6.18 0.01
3.2926924799999933 124.18798458966751 23.08 176 0 32894.95322059295 200.0 6.38 0.01
3.2926924799999933 98.1068597043829 24.05 115 0 24961.41465969071 200.0 6.59 0.01
3.2926924799999933 69.10871602243216 23.85 83 0 17822.056537734883 200.0 6.745 0.01
3.2926924799999933 69.02507165942617 23.74 95 0 16952.15309282021 200.0 6.865 0.01
3.2926924799999933 82.65983029949844 24.38 109 0 31121.32913673174 200.0 7.0675 0.01
3.2926924799999933 70.03366859990179 25.07 210 0 31352.6887495259 200.0 7.23 0.02
3.2926924799999933 70.1961043478126 25.01 85 0 22950.130419706173 200.0 7.2675 0.03
3.2926924799999933 104.58833361938343 25.87 123 0 53813.24547517486 200.0 7.385 0.04
3.2926924799999844 102.21041843386308 26.54 82 0 50798.34909430254 200.0 7.5 0.05
3.2926924799999844 81.79135409553965 27.5 69 0 26566.141890824456 200.0 7.655 0.01
3.2926924799999844 110.06474560164554 28.28 126 0 47984.386918040356 200.0 7.735 0.01
3.2926924799999844 101.07512158742716 28.98 82 0 46599.86865382593 200.0 7.8575 0.01
3.2926924799999844 77.02927522199893 29.31 94 0 22177.090610126244 200.0 7.9175 0.01
3.2926924799999844 97.62435913702697 29.12 75 0 32955.55347052811 200.0 7.875 0.02
3.2926924799999844 90.27352842881479 29.81 68 0 32618.86660319301 200.0 7.9575 0.03
3.2926924799999844 110.41248334884897 29.84 143 0 39412.36526796988 200.0 7.9725 0.04
3.2926924799999844 88.85068015001777 29.83 114 0 25137.648448643144 200.0 7.9675 0.05
3.2926924799999844 78.77234687042692 30.01 113 0 23031.90520085035 200.0 7.9875 0.060000000000000005
3.2926924799999844 67.20256097163727 30.07 90 0 19291.48320287861 200.0 7.995 0.07
3.2926924799999844 80.22512742491382 30.15 79 0 25705.409549833355 200.0 8.0 0.08
0.7429324800000019 96.47009213527468 30.16 119 0 38636.34769639533 200.0 8.0 0.09
0.7429324800000019 103.80523256007694 30.16 99 0 38203.74068213317 200.0 8.0 0.01
0.7429324800000019 93.37843686151602 30.18 185 0 29959.90520612778 200.0 8.0 0.01
0.7429324800000019 85.72515985425714 30.22 68 0 30649.274769083386 200.0 8.0 0.01
0.7429324800000019 88.57497912056984 30.2 73 0 31193.19699425915 200.0 8.0 0.01
0.7429324800000019 69.10262391199998 30.16 62 0 18323.094798952843 200.0 8.0 0.02
0.7429324800000019 89.28121460109614 30.18 78 0 29389.919857518915 200.0 8.005 0.03
0.7429324800000019 79.29970350560198 30.07 64 0 24163.592249116125 200.0 8.0 0.04
0.7429324800000019 78.51769101518495 30.03 63 0 22499.571876236863 200.0 8.0 0.05
0.7429324800000019 79.12687281136182 30.04 66 0 22037.870263575394 200.0 8.0 0.060000000000000005
0.7429324800000019 57.388499589665216 30.04 59 0 12831.178263339698 200.0 8.0 0.07
0.7429324800000019 54.763730005705945 30.07 79 0 10286.765408897656 200.0 8.0 0.08
0.7429324800000019 55.11855062789738 30.03 71 0 10757.000903654196 200.0 8.0 0.09
0.7429324800000019 39.664328179094255 30.01 60 0 5816.341924664025 200.0 8.0 0.09999999999999999
0.7429324800000019 47.05801167417524 30.0 110 0 8456.179463164917 200.0 8.0 0.10999999999999999
0.7429324800000019 42.6831988039868 30.0 53 0 7003.689918022666 200.0 8.0 0.11999999999999998
0.7429324800000019 50.28638077507283 30.0 59 0 8134.393022269203 200.0 8.0 0.12999999999999998
0.7429324800000019 35.243953974937845 30.0 34 0 4651.347077962818 200.0 8.0 0.13999999999999999
0.7429324800000019 39.25846264154505 30.0 40 0 6287.474280795533 200.0 8.0 0.15
0.7429324800000019 32.75597066240004 30.0 40 0 4359.455179348637 200.0 8.0 0.16
0.7429324800000019 36.376734633286915 30.0 54 0 4982.072909497586 200.0 8.0 0.17
0.7429324800000019 34.24887114327161 30.0 47 0 4177.232512061283 200.0 8.0 0.18000000000000002
0.7429324800000019 44.07110745705311 30.0 52 0 8328.083264121471 200.0 8.0 0.19000000000000003
0.7429324800000019 40.59604816381479 30.0 57 0 7185.461880826132 200.0 8.0 0.20000000000000004
0.7429324800000019 37.102218470008545 30.0 44 0 5429.023069716782 200.0 8.0 0.21000000000000005
0.742932480000001 49.882100514951055 30.0 32 0 8937.75143322071 200.0 8.0 0.22000000000000006
0.742932480000001 43.27648205429428 30.0 51 0 6633.825539972433 200.0 8.0 0.01
0.742932480000001 54.11332467875768 30.0 40 0 12090.982916934 200.0 8.0 0.01
0.742932480000001 45.222429950508285 30.0 32 0 6912.183379850435 200.0 8.0 0.01
0.742932480000001 38.95740077573977 30.0 51 0 6316.593756128011 200.0 8.0 0.01
0.742932480000001 31.35981597274504 30.0 36 0 3795.6481620044988 200.0 8.0 0.02
0.742932480000001 34.71229956464556 30.0 39 0 4347.652403539984 200.0 8.0 0.03
0.742932480000001 42.25184368959796 30.0 73 0 7093.163585290246 200.0 8.0 0.04
0.742932480000001 34.63717101110964 30.0 70 0 4592.956196162739 200.0 8.0 0.05
0.742932480000001 38.10945650560002 30.0 74 0 6043.02190570421 200.0 8.0 0.060000000000000005
0.742932480000001 47.92332556998833 30.0 68 0 12126.200258237865 200.0 8.0 0.07
0.742932480000001 43.304092275200034 30.0 24 0 7272.938475622865 200.0 8.0 0.08
0.742932480000001 36.082932640786815 30.0 66 0 5411.819090818127 200.0 8.0 0.09
0.742932480000001 37.11977644915559 30.0 43 0 5399.77224889057 200.0 8.0 0.09999999999999999
0.742932480000001 38.49767389237411 30.0 24 0 5285.907099284004 200.0 8.0 0.10999999999999999
0.742932480000001 35.243084249600045 30.0 26 0 4792.531826044175 200.0 8.0 0.11999999999999998
0.742932480000001 45.52974439247242 30.0 37 0 9045.214292144217 200.0 8.0 0.12999999999999998
0.742932480000001 42.35408292480004 30.0 32 0 6291.665659893453 200.0 8.0 0.13999999999999999
0.742932480000001 41.49261413120004 30.0 74 0 5830.038784655215 200.0 8.0 0.15
0.742932480000001 47.92322430773337 30.0 32 0 12536.978417713413 200.0 8.0 0.16
0.742932480000001 44.54048666880005 30.0 37 0 7434.100735412026 200.0 8.0 0.17
0.742932480000001 42.12514443729887 30.0 28 0 7216.287475475936 200.0 8.0 0.18000000000000002
0.742932480000001 43.52849779217332 30.0 44 0 6659.150771322183 200.0 8.0 0.19000000000000003
0.742932480000001 35.92471287737023 30.0 20 0 4025.5107355529235 200.0 8.0 0.20000000000000004
0.742932480000001 38.488133570526614 30.0 25 0 5538.480189399263 200.0 8.0 0.21000000000000005
0.742932480000001 39.87198820673829 30.0 43 0 5902.699712886026 200.0 8.0 0.22000000000000006
0.742932480000001 42.15832544397924 30.0 55 0 8776.793911940764 200.0 8.0 0.23000000000000007
0.742932480000001 45.95344781356708 30.0 21 0 9017.167216849142 200.0 8.0 0.24000000000000007
0.742932480000001 40.24397279519795 30.0 84 0 6133.124020469195 200.0 8.0 0.25000000000000006
0.742932480000001 46.41838846240005 30.0 40 0 8088.771740316851 200.0 8.0 0.26000000000000006
0.742932480000001 49.79823377856614 30.0 20 0 9558.937867795381 200.0 8.0 0.2700000000000001
0.742932480000001 42.2915894524738 30.0 48 0 6282.524861564565 200.0 8.0 0.2800000000000001
0.742932480000001 41.0621554759853 30.0 51 0 6586.589159092112 200.0 8.0 0.2900000000000001
0.742932480000001 40.49334950313242 30.0 25 0 6498.414626288437 200.0 8.0 0.3000000000000001
0.742932480000001 37.51245019774407 30.0 31 0 6950.436419820977 200.0 8.0 0.3100000000000001
0.742932480000001 40.17753050958683 30.0 31 0 6897.042413045352 200.0 8.0 0.3200000000000001
0.742932480000001 45.47999969995522 30.0 25 0 9111.864393095759 200.0 8.0 0.3300000000000001
0.742932480000001 40.51633592995559 30.0 20 0 6582.306916194249 200.0 8.0 0.34000000000000014
0.742932480000001 38.32647899360003 30.0 51 0 5486.948575092223 200.0 8.0 0.35000000000000014
0.742932480000001 32.40581818880003 30.0 27 0 3858.5456718957184 200.0 8.0 0.36000000000000015
0.742932480000001 35.39270238720005 30.0 42 0 4349.330422969688 200.0 8.0 0.37000000000000016
0.742932480000001 35.49629173279794 30.0 36 0 5035.379783342057 200.0 8.0 0.38000000000000017
0.742932480000001 44.41210174667783 30.0 31 0 10958.175680009224 200.0 8.0 0.3900000000000002
0.742932480000001 36.2110783629491 30.0 28 0 5524.159886251172 200.0 8.0 0.4000000000000002
0.742932480000001 34.296283971862394 30.0 27 0 5742.527517964075 200.0 8.0 0.4100000000000002
0.742932480000001 36.71345279740097 30.0 18 0 4588.328026217051 200.0 8.0 0.4200000000000002
0.742932480000001 35.42475644882227 30.0 19 0 4307.019007231265 200.0 8.0 0.4300000000000002
