#bestFitness averageFitness averageUsedGeneLength time invalids varFitness aveLength aveDerivationTreeDepth SlopeMutRate
39.16117248000005 2363.041021725742 16.032967032967033 335 36 7.758612563326322E8 200.0 4.134615384615385 0.0
39.16117248000005 455.95156308290143 10.86 169 0 21884.335735724653 200.0 3.625 0.0
8.098347928742225 376.7302275261086 12.4 43 0 23686.307068695907 200.0 3.9975 0.0
8.098347928742225 303.42537920139074 16.29 50 0 27678.89402226089 200.0 4.7275 0.0
8.092517278853673 235.16754906069428 16.91 50 0 24652.906564050405 200.0 4.94 0.0
5.776212480000005 196.02756834145242 18.95 55 0 25867.46194469569 200.0 5.2825 0.01
5.776212480000005 141.9785793336421 17.66 45 0 20784.56105610997 200.0 5.22 0.01
5.776212480000005 93.55142837396339 18.19 36 0 12083.64493079527 200.0 5.285 0.01
5.776212480000005 79.33139622966628 17.84 29 0 13140.327495628304 200.0 5.2625 0.01
5.776212480000005 85.56432665514023 20.39 24 0 18249.633275458327 200.0 5.67 0.01
5.776212480000005 85.46995094754303 20.45 24 0 20051.39106397948 200.0 5.66 0.02
5.776212480000005 86.16912622362783 20.8 23 0 22501.456387230355 200.0 5.7225 0.03
4.332801392522088 83.23056952543402 19.83 19 0 19143.860858940636 200.0 5.605 0.04
1.0464620032435485 82.30159688971916 20.42 17 0 22204.578761973957 200.0 5.7 0.01
1.0464620032435485 93.07559205510468 22.08 19 0 30197.789774601417 200.0 5.9575 0.01
1.0464620032435485 79.72452633292808 22.32 17 0 21902.202608568583 200.0 6.0325 0.01
1.0464620032435485 74.90437597695221 23.92 16 0 21218.244382960358 200.0 6.25 0.01
1.0464620032435485 87.6987378496646 26.87 24 0 26015.230830331402 200.0 6.6675 0.01
1.0464620032435485 83.41453028252643 27.65 21 0 27775.679390460467 200.0 6.825 0.02
1.0464620032435485 88.33352729764725 29.18 22 0 27898.989309341254 200.0 7.03 0.03
1.0464620032435485 98.77910256156157 33.12 25 0 34140.08736081592 200.0 7.5925 0.04
0.742932480000001 105.08624162499562 34.17 25 0 36584.612474008754 200.0 7.75 0.05
0.742932480000001 81.5097419000044 34.21 27 0 24850.035612654694 200.0 7.7975 0.01
0.742932480000001 90.10591270541521 36.01 29 0 33605.153244371104 200.0 8.11 0.01
0.742932480000001 107.52151984082923 37.79 29 0 47934.208501836976 200.0 8.3225 0.01
0.742932480000001 121.6800120825406 36.64 27 0 61858.071713770965 200.0 8.1475 0.01
0.742932480000001 97.07279537468517 35.25 22 0 31017.759314451385 200.0 7.8925 0.02
0.6609926036785662 80.7073405616506 38.19 25 0 24734.180565414674 200.0 8.22 0.03
0.6609926036785662 100.5240669524712 39.74 32 0 34845.63659803669 200.0 8.3775 0.01
0.6609926036785662 137.8656819981154 43.35 32 0 100599.28075932636 200.0 8.8625 0.01
0.6609926036785662 110.23191753650684 38.98 27 0 38632.255909602485 200.0 8.31 0.01
0.5977155901184668 128.74119356712205 41.44 29 0 65105.24744480692 200.0 8.5175 0.01
0.5977155901184668 129.60244723685088 40.58 36 0 56534.3623052719 200.0 8.49 0.01
0.5977155901184668 132.70318327047192 39.55 42 0 57370.57049325337 200.0 8.3975 0.01
0.5977155901184668 123.1987705402482 35.73 35 0 40304.488909350024 200.0 7.94 0.01
0.5977155901184668 125.4902991335435 36.19 34 0 49043.56837488668 200.0 8.06 0.01
0.5977155901184668 130.4970581648939 39.51 36 0 47309.39052899495 200.0 8.5125 0.02
0.5977155901184668 138.78714866496085 38.94 25 0 52576.484577637835 200.0 8.5275 0.03
0.5977155901184668 103.45459402424616 38.59 23 0 31096.660872822424 200.0 8.4975 0.04
0.5977155901184668 132.00785954403943 42.18 26 0 59787.11722326916 200.0 8.9625 0.05
0.5977155901184668 127.83416221324913 40.03 30 0 52731.006103626925 200.0 8.76 0.060000000000000005
0.5938650985524883 117.73812154977767 38.22 25 0 43149.855207988134 200.0 8.4825 0.07
0.5938650985524883 122.8325821582599 41.41 28 0 54229.0659931049 200.0 8.845 0.01
0.5938650985524883 117.86038811166839 43.66 27 0 44329.40998011049 200.0 9.12 0.01
0.5938650985524883 187.3660877659343 44.61 33 0 156533.07679166255 200.0 9.0425 0.01
0.5938650985524883 153.5295424882702 44.64 28 0 65247.10817497902 200.0 9.0175 0.01
0.5938650985524883 190.79761417308083 47.23 35 0 114220.98727022376 200.0 9.2125 0.02
0.5743178716863515 181.52980719656355 44.61 28 0 154368.44567385604 200.0 8.8975 0.03
0.5743178716863515 147.23625192664124 44.14 27 0 61095.707630839475 200.0 8.8025 0.01
0.5743178716863515 125.14012753802159 44.16 28 0 39809.24767893396 200.0 8.805 0.01
0.5743178716863515 135.38499806424073 43.98 27 0 66909.04602357118 200.0 8.8 0.01
0.5743178716863515 133.2656954723879 44.53 40 0 49752.61184315207 200.0 8.83 0.01
0.5594355806519534 142.77721304871625 44.38 38 0 62971.217699599445 200.0 8.76 0.02
0.5594355806519534 170.25841953098308 45.26 28 0 92827.38611606507 200.0 8.875 0.01
0.5594355806519534 92.27420512674905 44.37 26 0 24328.852617585395 200.0 8.8125 0.01
0.5129328644421247 134.0233158981754 46.76 28 0 73433.85662092766 200.0 8.955 0.01
0.5129328644421247 146.8311102770943 46.91 28 0 71393.35206854377 200.0 9.075 0.01
0.5129328644421247 144.87650278316718 46.88 35 0 70580.25072233057 200.0 9.065 0.01
0.5129328644421247 153.53340708650833 46.05 29 0 80245.82465663824 200.0 8.8475 0.01
0.5129328644421247 180.72606158458882 47.19 35 0 105565.61213852922 200.0 8.985 0.01
0.5129328644421247 151.24197335438797 48.92 31 0 71074.66192176443 200.0 9.0825 0.02
0.5129328644421247 123.89502552138289 50.24 32 0 47247.0254706712 200.0 9.28 0.03
0.5129328644421247 136.73821543382192 47.53 30 0 65839.63448113401 200.0 9.1275 0.04
0.5129328644421247 124.7042003012631 46.38 29 0 51020.1529710452 200.0 9.05 0.05
0.5129328644421247 113.86636318229563 44.72 26 0 47479.50833918144 200.0 8.87 0.060000000000000005
0.5129328644421247 91.66850995780078 45.02 27 0 30708.534269777116 200.0 8.785 0.07
0.5129328644421247 181.57294962595822 45.9 28 0 139237.31568894585 200.0 8.9225 0.08
0.5129328644421247 146.6648280399763 46.72 45 0 68892.00458567205 200.0 9.01 0.09
0.5129328644421247 108.33325988670283 44.36 27 0 37310.58809604716 200.0 8.725 0.09999999999999999
0.5129328644421247 103.46079000041276 42.64 24 0 42783.49675442169 200.0 8.5225 0.10999999999999999
0.5129328644421247 110.99760225353378 44.37 25 0 50419.221709087666 200.0 8.6925 0.11999999999999998
0.5129328644421247 110.61770192037318 43.41 24 0 52631.27012952125 200.0 8.6075 0.12999999999999998
0.5129328644421247 185.95408774714386 45.58 29 0 149817.31986986136 200.0 8.8725 0.13999999999999999
0.5129328644421247 242.7762944335237 47.55 29 0 378640.56826016237 200.0 9.0225 0.15
0.5129328644421247 173.4440013101826 46.76 28 0 101503.9434901713 200.0 8.955 0.16
0.5129328644421247 208.56756508933847 47.33 28 0 218003.60993387847 200.0 9.005 0.17
0.5129328644421247 205.2222492177772 46.42 28 0 284994.35525900515 200.0 8.8775 0.18000000000000002
0.5129328644421247 181.86840338352172 45.25 24 0 145788.04653631893 200.0 8.73 0.19000000000000003
0.5129328644421247 132.68008312509505 45.56 24 0 60911.77919265374 200.0 8.76 0.20000000000000004
0.5129328644421247 182.81162917535983 45.31 26 0 178497.77966741752 200.0 8.6675 0.21000000000000005
0.5129328644421247 173.54355376263783 43.28 24 0 283326.7323664488 200.0 8.4575 0.22000000000000006
0.5129328644421247 133.9755285649785 44.47 23 0 106563.30032186057 200.0 8.5825 0.23000000000000007
0.5129328644421247 142.53776073836391 45.46 25 0 83842.95854869427 200.0 8.66 0.24000000000000007
0.5129328644421247 173.42217288280833 45.1 24 0 289958.885484941 200.0 8.7375 0.25000000000000006
0.5129328644421247 167.57348063111215 44.78 24 0 145983.810442529 200.0 8.695 0.26000000000000006
0.5129328644421247 134.73893622621665 41.3 20 0 66054.3820307914 200.0 8.215 0.2700000000000001
0.5129328644421247 154.31488519047127 44.99 28 0 78260.9401579956 200.0 8.74 0.2800000000000001
0.5129328644421247 141.404269143269 43.93 24 0 100793.89551479218 200.0 8.63 0.2900000000000001
0.5102462739040986 213.8419923579809 44.2 26 0 399188.40837036446 200.0 8.545 0.3000000000000001
0.5102462739040986 114.53286549769923 42.92 23 0 44804.44024972295 200.0 8.38 0.01
0.5102462739040986 297.0974730141764 45.9 25 0 1976315.7192464883 200.0 8.66 0.01
0.5102462739040986 155.1354168204975 42.33 21 0 106446.28990023099 200.0 8.2875 0.01
0.5102462739040986 145.01886688095735 41.02 23 0 62482.32118174351 200.0 8.1525 0.01
0.5102462739040986 114.37912952780749 38.63 20 0 52873.36486262843 200.0 7.8225 0.02
0.4619193670255115 116.16556748916766 38.84 20 0 42675.98993252534 200.0 7.805 0.03
0.4619193670255115 153.91555315284194 38.92 21 0 69894.9820187345 200.0 7.8225 0.01
0.4619193670255115 145.6870873906128 41.01 22 0 81824.35072810607 200.0 8.02 0.01
0.4619193670255115 194.0505363959568 39.38 24 0 316455.9267919627 200.0 7.9825 0.01
0.4619193670255115 146.87744295751867 38.87 21 0 79994.3993493134 200.0 7.93 0.01
0.4619193670255115 156.3433545515273 38.46 19 0 109180.13522355784 200.0 7.87 0.02
0.4619193670255115 133.53701309224624 40.09 21 0 45347.308710106925 200.0 7.9 0.03
