#bestFitness averageFitness averageUsedGeneLength time invalids varFitness aveLength aveDerivationTreeDepth SlopeMutRate
17.658224806730562 1578.7122550671745 20.184782608695652 349 32 8.258325790699041E7 200.0 4.646739130434782 0.0
17.658224806730562 460.8857966497658 12.28 157 0 22627.128486181013 200.0 3.75 0.0
17.658224806730562 377.4807654637048 11.64 58 0 25673.210910959773 200.0 3.82 0.0
11.533688580259529 312.7463517646608 16.5 41 0 26828.885499931668 200.0 4.715 0.0
4.1533947404656315 236.68829360393946 20.32 45 0 33323.83639176188 200.0 5.3475 0.0
4.1533947404656315 179.28876360364734 22.84 47 0 32692.44727670237 200.0 5.695 0.01
4.1533947404656315 111.67465331352906 22.99 45 0 16783.061350424836 200.0 5.735 0.01
4.1533947404656315 121.56538629828721 26.03 46 0 45918.40672845417 200.0 5.9775 0.01
2.488720880365996 113.31300920864261 25.27 40 0 48503.29988863112 200.0 5.9375 0.01
2.488720880365996 84.84436943328411 25.04 38 0 27363.328167834938 200.0 5.9275 0.01
2.488720880365996 115.26837304594139 25.93 38 0 41565.57769167877 200.0 6.0525 0.01
2.210849277196836 111.6005412335114 26.73 35 0 48882.939176241394 200.0 6.355 0.01
2.210849277196836 103.05753024093707 28.86 42 0 32473.506989851514 200.0 6.5925 0.01
2.210849277196836 92.64098848420537 28.38 30 0 28888.983925604196 200.0 6.605 0.01
2.210849277196836 116.89629994850657 28.66 27 0 50442.4297623665 200.0 6.7325 0.01
2.210849277196836 92.71470106609857 30.2 27 0 34117.9143933081 200.0 7.1125 0.01
2.210849277196836 74.76424659703792 30.54 26 0 15668.962461917246 200.0 7.29 0.02
2.210849277196836 84.02643621684402 28.21 26 0 33252.71276616933 200.0 7.1025 0.03
2.210849277196836 54.15566235839387 27.49 21 0 10355.794208951796 200.0 7.1 0.04
2.210849277196836 52.55390552998692 28.84 23 0 9969.272264008234 200.0 7.25 0.05
2.210849277196836 60.24440513224245 29.01 21 0 14112.472629350803 200.0 7.2925 0.060000000000000005
2.210849277196836 81.75657511590207 28.81 25 0 34686.71704175588 200.0 7.22 0.07
2.210849277196836 66.98602555235527 27.07 25 0 17067.522678837064 200.0 6.9925 0.08
2.210849277196836 49.751074376577975 28.02 25 0 8073.947787647012 200.0 7.1825 0.09
2.0039398747737787 56.22509108885647 30.84 24 0 11305.181316522945 200.0 7.595 0.09999999999999999
2.0039398747737787 74.71903764961037 29.04 24 0 27335.55126489094 200.0 7.3475 0.01
2.0039398747737787 58.62491058069061 30.13 22 0 12258.013391552977 200.0 7.55 0.01
2.0039398747737787 58.679554374351326 28.91 21 0 11258.473413362459 200.0 7.2775 0.01
2.0039398747737787 68.99480623972947 29.85 25 0 22819.254953643085 200.0 7.3925 0.01
2.0039398747737787 36.48782834876079 28.19 18 0 5616.4973054271095 200.0 7.17 0.02
2.0039398747737787 48.155842951805944 28.93 19 0 9985.228511364347 200.0 7.2875 0.03
1.7912707995945858 47.87874080039443 30.24 18 0 9080.666971516297 200.0 7.545 0.04
1.7912707995945858 58.68845184825922 30.31 19 0 15984.490958018172 200.0 7.5225 0.01
1.7912707995945858 48.29435956537213 30.97 17 0 7438.383847731603 200.0 7.61 0.01
1.7912707995945858 54.33847217714342 29.54 19 0 13090.971823122358 200.0 7.4475 0.01
1.7912707995945858 75.2359334227997 30.9 17 0 30403.4173682187 200.0 7.495 0.01
1.7912707995945858 72.30886924205358 29.44 18 0 22429.292173944395 200.0 7.2325 0.02
1.7912707995945858 59.72059696050178 29.04 17 0 18720.29804988368 200.0 7.2225 0.03
1.7912707995945858 49.62810383445712 28.7 16 0 10885.899806251957 200.0 7.245 0.04
1.7912707995945858 54.10071861474328 28.44 16 0 12559.92593164422 200.0 7.19 0.05
1.5609355213578466 65.99610804517694 29.47 15 0 14903.916025590835 200.0 7.4 0.060000000000000005
1.5609355213578466 59.01044147492609 29.96 27 0 14685.870720869316 200.0 7.405 0.01
1.5609355213578466 59.868841569385815 30.07 28 0 17179.427730830063 200.0 7.49 0.01
1.5609355213578466 59.306393257564444 33.23 33 0 15561.748763724765 200.0 7.8625 0.01
1.5609355213578466 95.26203382523546 34.64 34 0 39463.602844510635 200.0 8.155 0.01
1.5609355213578466 72.3712245311975 33.48 31 0 21390.333129847157 200.0 8.0225 0.02
1.5609355213578466 89.73804229625843 33.9 31 0 30560.366760899084 200.0 7.9725 0.03
1.5609355213578466 60.97561703545566 32.7 19 0 14487.37171145027 200.0 7.8 0.04
1.5609355213578466 72.1187230415607 32.02 20 0 24469.34213652262 200.0 7.7075 0.05
1.5609355213578466 125.9665073556387 31.61 18 0 116893.23461671566 200.0 7.565 0.060000000000000005
1.5609355213578466 85.84429181380705 29.61 16 0 44590.46686665261 200.0 7.3425 0.07
1.5609355213578466 83.79676373342245 29.57 16 0 35064.232192167874 200.0 7.34 0.08
1.5609355213578466 135.15988261944503 32.85 18 0 127400.12835551791 200.0 7.785 0.09
1.5609355213578466 49.779587506196606 30.11 13 0 8767.177265391629 200.0 7.495 0.09999999999999999
1.5609355213578466 87.69700901888204 32.9 17 0 39988.33722517966 200.0 7.83 0.10999999999999999
1.5609355213578466 72.79997958581441 31.19 15 0 18478.52475740852 200.0 7.66 0.11999999999999998
1.5609355213578466 123.99591048597362 36.32 19 0 75934.40754866487 200.0 8.225 0.12999999999999998
1.5609355213578466 76.32090975652456 34.68 15 0 31263.138483511422 200.0 8.1575 0.13999999999999999
1.0929059460438284 96.2937876211875 34.6 22 0 45733.79369536033 200.0 8.015 0.15
0.7429324800000017 64.23929467456925 32.62 17 0 17978.14528449439 200.0 7.7825 0.01
0.7429324800000017 90.26468151011731 31.1 17 0 49983.2183774408 200.0 7.61 0.01
0.7429324800000017 85.66782467659219 28.28 15 0 38701.69351524394 200.0 7.1875 0.01
0.7429324800000017 52.015364924035154 26.41 12 0 11139.254693004435 200.0 6.92 0.01
0.7429324800000017 63.68690010598297 28.45 15 0 14291.129403965058 200.0 7.1675 0.01
0.7429324800000017 69.33001918999608 28.69 15 0 23605.32829575919 200.0 7.21 0.02
0.7429324800000017 75.39674220320241 28.33 14 0 22089.621494208815 200.0 7.1425 0.03
0.7429324800000017 116.89917626383192 29.17 17 0 79033.79014214771 200.0 7.195 0.04
0.6644716050526422 56.39196783849053 25.7 17 0 12816.56054222794 200.0 6.86 0.05
0.6644716050526422 45.96746156612065 25.75 12 0 9198.72423438116 200.0 6.945 0.01
0.6644716050526422 57.03641788319854 26.55 12 0 15434.627609255942 200.0 7.1 0.01
0.6644716050526422 68.51616122499902 26.77 12 0 24175.362334589663 200.0 7.1325 0.01
0.6644716050526422 96.11415736802195 29.62 17 0 53989.08571828758 200.0 7.4825 0.01
0.6644716050526422 81.30548801476583 30.23 23 0 28788.516910378617 200.0 7.56 0.02
0.6644716050526422 87.80282809869568 28.94 24 0 36749.6863995985 200.0 7.265 0.03
0.6644716050526422 58.1210581884657 26.37 24 0 10712.451811231625 200.0 6.805 0.04
0.6644716050526422 95.27393309292579 29.77 26 0 31841.719530895214 200.0 7.0875 0.05
0.6644716050526422 128.1919240007422 29.74 16 0 110878.38575018391 200.0 7.04 0.060000000000000005
0.6644716050526422 76.21712768600689 30.1 17 0 23251.98677080208 200.0 6.835 0.07
0.6644716050526422 66.51538516436048 28.58 15 0 16200.478414944657 200.0 6.625 0.08
0.6644716050526422 61.888300917285775 28.3 15 0 18052.176791583373 200.0 6.53 0.09
0.6644716050526422 62.89195690435579 28.18 13 0 17376.669137169803 200.0 6.3525 0.09999999999999999
0.6644716050526422 68.91261418195565 28.21 14 0 24076.83928970517 200.0 6.4 0.10999999999999999
0.6644716050526422 80.8764218871928 27.3 13 0 29183.718424183513 200.0 6.315 0.11999999999999998
0.6644716050526422 50.01473769578683 27.52 13 0 8466.524666538808 200.0 6.325 0.12999999999999998
0.6644716050526417 94.7746725372083 29.79 15 0 47136.967542773644 200.0 6.56 0.13999999999999999
0.6644716050526417 48.3751815925767 27.27 13 0 8036.742868001663 200.0 6.2925 0.01
0.6644716050526417 70.24886156981043 27.65 14 0 21127.821488526733 200.0 6.3575 0.01
0.6644716050526417 71.40366577064091 27.3 14 0 23378.571736591006 200.0 6.3425 0.01
0.6644716050526417 78.45068663347223 26.87 13 0 19261.500563347003 200.0 6.2375 0.01
0.6644716050526417 54.01366865608993 24.75 12 0 8821.464777080857 200.0 6.06 0.02
0.6644716050526417 74.18175246837107 26.6 13 0 31226.020956583543 200.0 6.22 0.03
0.6644716050526417 54.209838951582995 25.78 13 0 11472.253895728674 200.0 6.195 0.04
0.6644716050526417 53.076412078544664 25.15 11 0 10551.749410778088 200.0 6.0825 0.05
0.6644716050526417 60.314123569659266 26.66 13 0 11627.650681098148 200.0 6.24 0.060000000000000005
0.6644716050526417 65.17891304119681 25.93 16 0 15521.30338924421 200.0 6.24 0.07
0.6644716050526417 54.4003352707929 26.08 11 0 9499.231709457255 200.0 6.2625 0.08
0.6644716050526417 79.07500002368312 26.51 14 0 27130.753264828232 200.0 6.27 0.09
0.6644716050526417 57.62964988795632 26.6 12 0 12075.370589464135 200.0 6.2575 0.09999999999999999
0.6644716050526417 51.27852693303466 25.67 12 0 9499.194134080446 200.0 6.1 0.10999999999999999
0.6644716050526417 79.46796400414843 26.47 12 0 25469.17894051252 200.0 6.25 0.11999999999999998
0.6644716050526417 69.84612802014207 26.0 13 0 18204.754886630162 200.0 6.1425 0.12999999999999998
