#bestFitness averageFitness averageUsedGeneLength time invalids varFitness aveLength aveDerivationTreeDepth SlopeMutRate
10.758292480000001 1511.896010455792 13.850666666666667 306 25 1.4736686125256455E8 200.0 3.8773333333333335 0.0
10.758292480000001 438.9975276749333 10.2 154 0 20958.664940150615 200.0 3.4475 0.0
10.758292480000001 358.78768789522525 11.14 67 0 24349.755287530697 200.0 3.7525 0.0
5.7762124800000105 295.1131372100552 14.96 43 0 33971.122841499084 200.0 4.5775 0.0
5.7762124800000105 230.37924695391928 18.47 49 0 28720.13255113417 200.0 5.21 0.0
5.7762124800000105 181.04911999886116 19.81 44 0 28261.558638097405 200.0 5.575 0.01
5.7762124800000105 129.1862201839566 20.4 45 0 21290.617675860078 200.0 5.815 0.01
5.7762124800000105 91.46913928810304 20.37 42 0 13210.880073724587 200.0 5.96 0.01
5.7762124800000105 64.25818105857938 19.51 41 0 7492.104636863227 200.0 5.9275 0.02
5.7762124800000105 42.76780100759747 17.35 25 0 5214.245527618175 200.0 5.5675 0.03
5.7762124800000105 35.46168556777598 15.47 19 0 4252.670250809318 200.0 5.3125 0.04
5.7762124800000105 36.3553096760534 14.74 18 0 5666.319787330202 200.0 5.15 0.05
5.7762124800000105 18.647902144631626 14.31 18 0 1547.0396836118057 200.0 5.06 0.060000000000000005
5.7762124800000105 17.168316217599987 14.04 15 0 1471.5979526998851 200.0 5.01 0.07
5.7762124800000105 20.951951636488946 14.02 14 0 2123.4029914440425 200.0 5.005 0.08
5.77621248000001 16.775158079999983 14.0 14 0 1294.6722623537132 200.0 5.0 0.09
5.77621248000001 15.917198879999985 14.0 14 0 1108.7354871729365 200.0 5.0 0.01
5.77621248000001 14.57214767999998 14.0 13 0 890.2655727594497 200.0 5.0 0.01
5.77621248000001 28.014764167688938 14.0 16 0 3967.1401656033845 200.0 5.0 0.01
5.77621248000001 19.264545279999982 14.0 14 0 1770.5188739597713 200.0 5.0 0.01
5.77621248000001 16.814919148799987 14.0 12 0 1106.0633987620683 200.0 5.0 0.02
5.77621248000001 25.089669236488948 14.0 13 0 2640.2354101164574 200.0 5.0 0.03
5.77621248000001 24.14899477589631 14.0 11 0 2416.112747360142 200.0 5.0 0.04
5.77621248000001 19.92310047999998 14.0 11 0 1948.0556896936325 200.0 5.0 0.05
5.77621248000001 22.588907679999984 14.0 11 0 2841.914850570269 200.0 5.0 0.060000000000000005
5.77621248000001 17.611812479999983 14.0 11 0 1465.9255834790406 200.0 5.0 0.07
5.77621248000001 21.009882079999983 14.0 11 0 2408.7301261609186 200.0 5.0 0.08
5.77621248000001 23.237673548799975 14.0 11 0 2944.715894675606 200.0 5.0 0.09
5.77621248000001 19.25236447999998 14.0 10 0 1704.2216627992973 200.0 5.0 0.09999999999999999
5.77621248000001 19.99146394879999 14.0 10 0 1534.7108716843684 200.0 5.0 0.10999999999999999
5.77621248000001 21.73044527999998 14.0 10 0 2486.078157658319 200.0 5.0 0.11999999999999998
5.77621248000001 21.216577594293074 14.0 10 0 2134.9790538738957 200.0 5.0 0.12999999999999998
5.77621248000001 18.28608687999998 14.0 9 0 1593.0986716594905 200.0 5.0 0.13999999999999999
5.77621248000001 15.972680479999983 14.0 9 0 1265.422468033649 200.0 5.0 0.15
5.77621248000001 16.37244447999998 14.0 8 0 1309.4773238855043 200.0 5.0 0.16
5.77621248000001 19.80159160066235 14.0 8 0 2448.230674457782 200.0 5.0 0.17
5.77621248000001 21.92104447999999 14.0 8 0 2873.2968602736655 200.0 5.0 0.18000000000000002
5.77621248000001 20.64684527999998 14.0 11 0 2029.8246884754699 200.0 5.0 0.19000000000000003
5.77621248000001 17.721077279999985 14.0 6 0 1239.4186111338502 200.0 5.0 0.20000000000000004
5.77621248000001 21.72883647999998 14.0 6 0 2105.4696638338546 200.0 5.0 0.21000000000000005
5.77621248000001 20.021533548799987 14.0 6 0 2548.796255965095 200.0 5.0 0.22000000000000006
5.77621248000001 17.999246879999983 14.0 7 0 1782.3998001917125 200.0 5.0 0.23000000000000007
5.77621248000001 15.457860479999981 14.0 6 0 972.9503369925126 200.0 5.0 0.24000000000000007
5.77621248000001 15.971230079999984 14.0 6 0 1187.6610157399157 200.0 5.0 0.25000000000000006
5.77621248000001 27.431161279999973 14.0 6 0 4137.792296952199 200.0 5.0 0.26000000000000006
5.77621248000001 18.59351087999998 14.0 6 0 1748.904665911215 200.0 5.0 0.2700000000000001
5.77621248000001 20.45108927999999 14.0 5 0 2335.070990861816 200.0 5.0 0.2800000000000001
5.77621248000001 16.743867679999983 14.0 6 0 1383.0370641245704 200.0 5.0 0.2900000000000001
5.77621248000001 22.09249967999998 14.0 5 0 2765.0144627404306 200.0 5.0 0.3000000000000001
5.77621248000001 21.541455148799983 14.0 6 0 2178.7495235780607 200.0 5.0 0.3100000000000001
5.77621248000001 29.144370800662337 14.0 5 0 4308.849555131916 200.0 5.0 0.3200000000000001
5.77621248000001 20.566168479999984 14.0 5 0 2114.107595621619 200.0 5.0 0.3300000000000001
5.77621248000001 19.810939679999994 14.0 5 0 1507.608181980621 200.0 5.0 0.34000000000000014
5.77621248000001 20.69488527999998 14.0 5 0 2195.213864206415 200.0 5.0 0.35000000000000014
5.77621248000001 15.95520767999998 14.0 5 0 1116.3635510451622 200.0 5.0 0.36000000000000015
5.77621248000001 23.12148367999998 14.0 6 0 2955.194999282358 200.0 5.0 0.37000000000000016
5.77621248000001 23.37644047999998 14.0 5 0 3173.770537327603 200.0 5.0 0.38000000000000017
5.77621248000001 20.383721279999985 14.0 5 0 1724.1835398997785 200.0 5.0 0.3900000000000002
5.77621248000001 18.898854879999977 14.0 5 0 1815.6402660675783 200.0 5.0 0.4000000000000002
5.77621248000001 20.284729279999986 14.0 4 0 2100.4074201683766 200.0 5.0 0.4100000000000002
5.77621248000001 18.151428479999986 14.0 5 0 1638.2410168035858 200.0 5.0 0.4200000000000002
5.77621248000001 29.264217279999972 14.0 5 0 4704.424728983018 200.0 5.0 0.4300000000000002
5.77621248000001 25.957974079999982 14.0 5 0 3289.127515930113 200.0 5.0 0.4400000000000002
5.77621248000001 26.645522879999977 14.0 4 0 4122.721609998437 200.0 5.0 0.45000000000000023
5.77621248000001 14.998805279999983 14.0 5 0 1002.5983844919812 200.0 5.0 0.46000000000000024
5.77621248000001 21.990333279999987 14.0 4 0 2750.2261654816034 200.0 5.0 0.47000000000000025
5.77621248000001 29.832726079999976 14.0 5 0 4211.441348245915 200.0 5.0 0.48000000000000026
5.77621248000001 25.366351725493065 14.0 4 0 2985.092390261146 200.0 5.0 0.49000000000000027
5.77621248000001 23.73859407999998 14.0 5 0 2891.7071291680463 200.0 5.0 0.5000000000000002
5.77621248000001 21.152767148799985 14.0 6 0 2180.962448784626 200.0 5.0 0.5100000000000002
5.77621248000001 13.971734879999984 14.0 5 0 908.4017747182032 200.0 5.0 0.5200000000000002
5.77621248000001 19.62822367999999 14.0 4 0 1781.1119617263382 200.0 5.0 0.5300000000000002
5.77621248000001 30.485822879999972 14.0 5 0 4600.115703274904 200.0 5.0 0.5400000000000003
5.77621248000001 23.837529817599986 14.0 4 0 2590.5858337044065 200.0 5.0 0.5500000000000003
5.77621248000001 23.931848217599985 14.0 5 0 2626.9925791618966 200.0 5.0 0.5600000000000003
5.77621248000001 22.50410714879998 14.0 4 0 2970.229251145011 200.0 5.0 0.5700000000000003
5.77621248000001 22.529921023999982 14.0 5 0 2968.6648556814926 200.0 5.0 0.5800000000000003
5.77621248000001 23.267002617599974 14.0 4 0 2770.9538918820945 200.0 5.0 0.5900000000000003
5.77621248000001 23.580773279999985 14.0 5 0 3086.0898674256664 200.0 5.0 0.6000000000000003
5.77621248000001 30.539842879999977 14.0 4 0 4869.535628079725 200.0 5.0 0.6100000000000003
5.77621248000001 19.04001327999998 14.0 5 0 1931.6241037834227 200.0 5.0 0.6200000000000003
5.77621248000001 21.43597567999999 14.0 4 0 2400.247344079608 200.0 5.0 0.6300000000000003
5.77621248000001 18.241564479999983 14.0 5 0 1614.364748468161 200.0 5.0 0.6400000000000003
5.77621248000001 22.843529200662353 14.0 4 0 3140.137944560981 200.0 5.0 0.6500000000000004
5.77621248000001 18.356341279999985 14.0 5 0 1952.0129457554444 200.0 5.0 0.6600000000000004
5.77621248000001 17.858086079999982 14.0 4 0 1658.678926158744 200.0 5.0 0.6700000000000004
5.77621248000001 24.198249279999974 14.0 5 0 3078.0995876579127 200.0 5.0 0.6800000000000004
5.77621248000001 27.191142079999977 14.0 5 0 4302.203588216426 200.0 5.0 0.6900000000000004
5.77621248000001 25.15554287999997 14.0 5 0 3629.0103256843736 200.0 5.0 0.7000000000000004
5.77621248000001 18.08683594879998 14.0 4 0 1598.9893643344446 200.0 5.0 0.7100000000000004
5.77621248000001 20.070560479999983 14.0 5 0 1893.9747376728164 200.0 5.0 0.7200000000000004
5.77621248000001 21.453637279999985 14.0 4 0 2319.9792929090836 200.0 5.0 0.7300000000000004
5.77621248000001 22.98395247999999 14.0 5 0 3384.778873898742 200.0 5.0 0.7400000000000004
5.77621248000001 20.88477407999998 14.0 4 0 2000.442705659392 200.0 5.0 0.7500000000000004
5.77621248000001 15.497025279999981 14.0 4 0 1054.222718923101 200.0 5.0 0.7600000000000005
5.77621248000001 16.188623679999985 14.0 5 0 1257.1975616741165 200.0 5.0 0.7700000000000005
5.77621248000001 25.42925167999998 14.0 5 0 3905.641051488132 200.0 5.0 0.7800000000000005
5.77621248000001 30.230357279999975 14.0 4 0 4853.250383967389 200.0 5.0 0.7900000000000005
5.77621248000001 22.116797548799976 14.0 4 0 2234.123684518449 200.0 5.0 0.8000000000000005
5.77621248000001 14.720607417599979 14.0 5 0 1122.476481639829 200.0 5.0 0.8100000000000005
5.77621248000001 19.37295007999998 14.0 4 0 2167.796508163789 200.0 5.0 0.8200000000000005
