#bestFitness averageFitness averageUsedGeneLength time invalids varFitness aveLength aveDerivationTreeDepth SlopeMutRate
38.22389248000002 1050.2852384529265 16.717391304347824 1536 32 3.7408749699574E7 200.0 4.271739130434782 0.0
18.893312228076066 460.17300475087353 11.45 879 0 20651.843404668612 200.0 3.6325 0.0
18.893312228076066 388.1750151464697 13.53 393 0 21531.19392891514 200.0 4.0725 0.0
4.411732479999993 343.43434348297035 16.47 321 0 33353.91294781889 200.0 4.775 0.0
4.411732479999993 289.6349426683041 20.53 226 0 32044.29904909193 200.0 5.51 0.0
4.411732479999993 264.77768508316217 26.66 242 0 71328.53109341567 200.0 6.595 0.01
3.8096181972357934 233.44307326140995 30.98 427 0 85787.38641075318 200.0 7.2025 0.01
3.8096181972357934 262.4583050559237 34.03 239 0 200028.98308022937 200.0 7.9125 0.01
1.7429324800000008 304.93385788594026 35.22 353 0 666269.9428968884 200.0 8.1025 0.01
1.7429324800000008 240.31073812202249 34.91 357 0 348267.4823125948 200.0 8.245 0.01
1.7429324800000008 130.5977500768438 36.39 221 0 59548.02341220584 200.0 8.56 0.01
1.7429324800000008 163.69237418026228 38.8 286 0 145032.9981510709 200.0 8.895 0.01
1.7429324800000008 146.97005007375682 40.68 222 0 108612.55491234105 200.0 9.195 0.01
1.7429324800000008 256.42453832101387 41.77 389 0 327422.64449204446 200.0 9.41 0.02
1.7429324800000008 163.86860546613923 41.02 211 0 102309.05846939648 200.0 9.2775 0.03
1.7429324800000008 256.2141424671235 40.01 157 0 475321.16567199404 200.0 9.1925 0.04
1.7429324800000008 106.66110775023716 37.95 145 0 46672.929019249066 200.0 9.1675 0.05
1.7429324800000008 94.06474913582211 38.31 133 0 30189.719800439183 200.0 9.1475 0.060000000000000005
1.7429324800000008 119.12571254568066 37.64 139 0 57021.23091699975 200.0 9.095 0.07
1.7429324800000008 109.50195372289983 37.6 151 0 59079.0055611981 200.0 9.06 0.08
1.7429324800000008 106.44494157477216 38.3 205 0 45712.495659511995 200.0 9.24 0.09
1.7429324800000008 106.04857757591093 37.56 98 0 48814.838952972976 200.0 9.1725 0.09999999999999999
1.661538281621756E-29 93.74397732894303 38.24 100 0 31173.352491985614 200.0 9.26 0.10999999999999999
1.661538281621756E-29 93.42069522941955 38.38 114 0 30522.387119921455 200.0 9.25 0.01
1.661538281621756E-29 92.57419908515676 38.22 117 0 30736.61919855039 200.0 9.3175 0.01
1.661538281621756E-29 79.90345544704178 38.01 131 0 23905.9294008089 200.0 9.2325 0.01
1.661538281621756E-29 120.4397444708895 38.84 89 0 88496.288703175 200.0 9.4125 0.01
1.661538281621756E-29 78.21336002065664 39.51 100 0 24843.629788903436 200.0 9.505 0.02
1.661538281621756E-29 102.58764393850588 40.51 99 0 53715.28561990571 200.0 9.6875 0.03
1.661538281621756E-29 88.57107342724939 40.82 84 0 45428.63212292187 200.0 9.775 0.04
1.661538281621756E-29 90.63423419499901 41.08 108 0 34177.75348084967 200.0 9.8125 0.05
1.661538281621756E-29 67.29249566073908 41.5 180 0 19649.033224204566 200.0 9.8625 0.060000000000000005
1.6566079009641248E-29 77.71333495625092 41.17 103 0 29315.502843399998 200.0 9.8525 0.07
1.6566079009641248E-29 56.82962936882119 40.99 72 0 18706.70739042304 200.0 9.81 0.01
1.6566079009641248E-29 51.18935834738086 41.13 74 0 13247.545006989882 200.0 9.8475 0.01
1.6566079009641248E-29 55.35275429222049 41.67 71 0 13953.088732902881 200.0 9.9375 0.01
1.6566079009641248E-29 57.35878324878751 41.74 76 0 16190.53782078827 200.0 9.955 0.01
1.6566079009641248E-29 56.479026940511176 41.8 70 0 16970.481069189125 200.0 9.97 0.02
1.6566079009641248E-29 45.8540882711708 42.12 64 0 11198.168801224107 200.0 10.01 0.03
1.6566079009641248E-29 67.28888493862775 42.04 83 0 20557.751608631646 200.0 10.01 0.04
1.6566079009641248E-29 81.37579164783416 42.04 58 0 28882.958481592013 200.0 10.01 0.05
1.6566079009641248E-29 49.1816887798701 42.02 54 0 11268.84817364131 200.0 10.005 0.060000000000000005
1.6566079009641248E-29 56.19526007927471 42.0 58 0 15438.970407287024 200.0 10.0 0.07
1.6566079009641248E-29 72.46454396314647 42.0 55 0 24527.679599440056 200.0 10.0 0.08
1.6566079009641248E-29 52.628674911223264 42.0 95 0 9089.676496193377 200.0 10.0 0.09
1.6566079009641248E-29 60.74790163235939 42.0 155 0 16387.636969665135 200.0 10.0 0.09999999999999999
1.6566079009641248E-29 51.47604928044987 42.0 111 0 9744.275214467325 200.0 10.0 0.10999999999999999
3.1554436208840472E-30 38.62948503666268 42.0 87 0 4920.5753987273465 200.0 10.0 0.11999999999999998
3.1554436208840472E-30 61.99935151484022 42.0 112 0 19413.183675264838 200.0 10.0 0.01
3.1554436208840472E-30 57.360797469250194 42.0 108 0 15123.69527433956 200.0 10.0 0.01
3.1554436208840472E-30 49.64468218452822 42.0 113 0 10601.729942549671 200.0 10.0 0.01
3.1554436208840472E-30 48.10250350236631 42.0 71 0 10539.782349939767 200.0 10.0 0.01
3.1554436208840472E-30 49.473109946881806 42.0 61 0 11398.817618390618 200.0 10.0 0.02
3.1554436208840472E-30 55.35341980229893 42.0 107 0 11194.340175053385 200.0 10.0 0.03
3.1554436208840472E-30 56.72779657456682 42.0 63 0 13242.781994886216 200.0 10.0 0.04
3.1554436208840472E-30 51.48678189645085 42.0 101 0 8881.935626501492 200.0 10.0 0.05
3.1554436208840472E-30 52.50091304993826 42.0 78 0 10286.956531733822 200.0 10.0 0.060000000000000005
3.1554436208840472E-30 44.566650775114994 42.0 116 0 6899.522310084047 200.0 10.0 0.07
3.1554436208840472E-30 41.67791061839713 42.0 97 0 4992.009347586348 200.0 10.0 0.08
3.1554436208840472E-30 42.98158928914398 42.0 75 0 6845.456598850494 200.0 10.0 0.09
3.1554436208840472E-30 32.838801828007725 42.0 130 0 3336.566733091292 200.0 10.0 0.09999999999999999
3.1554436208840472E-30 37.48836209504232 42.0 140 0 5268.648720543205 200.0 10.0 0.10999999999999999
3.1554436208840472E-30 48.40249079479349 42.0 75 0 11349.524541232233 200.0 10.0 0.11999999999999998
3.1554436208840472E-30 29.40271726359382 42.0 119 0 2475.604202166457 200.0 10.0 0.12999999999999998
3.1554436208840472E-30 45.071058328525005 42.0 93 0 10514.267315842817 200.0 10.0 0.13999999999999999
3.1554436208840472E-30 37.36209645533739 42.0 120 0 6678.086454663917 200.0 10.0 0.15
3.1554436208840472E-30 35.21456288075978 42.0 190 0 4565.805554254901 200.0 10.0 0.16
3.1554436208840472E-30 29.985883018748517 42.0 69 0 2720.84288216945 200.0 10.0 0.17
3.1554436208840472E-30 27.485138627560474 42.0 69 0 2489.9623577944226 200.0 10.0 0.18000000000000002
3.1554436208840472E-30 44.83160834278331 42.0 68 0 12596.968861193987 200.0 10.0 0.19000000000000003
3.1554436208840472E-30 34.451642577306295 42.0 79 0 4174.612188842872 200.0 10.0 0.20000000000000004
3.1554436208840472E-30 35.49269853887943 42.0 67 0 4058.915941628918 200.0 10.0 0.21000000000000005
3.1554436208840472E-30 39.88266408843074 42.0 71 0 5470.4913192304175 200.0 10.0 0.22000000000000006
3.1554436208840472E-30 38.363004495620565 42.0 89 0 5163.535409651636 200.0 10.0 0.23000000000000007
3.1554436208840472E-30 32.583458191534305 42.0 78 0 4163.294112858993 200.0 10.0 0.24000000000000007
3.1554436208840472E-30 34.52613858024864 42.0 82 0 4237.5185669037455 200.0 10.0 0.25000000000000006
3.1554436208840472E-30 49.95115167577198 42.0 84 0 12201.288804914177 200.0 10.0 0.26000000000000006
3.1554436208840472E-30 34.9484986196891 42.0 95 0 3765.5295173506024 200.0 10.0 0.2700000000000001
3.1554436208840472E-30 36.325001196963996 42.0 89 0 5143.289038438912 200.0 10.0 0.2800000000000001
3.1554436208840472E-30 38.48272446631525 42.0 87 0 5614.592004686899 200.0 10.0 0.2900000000000001
3.1554436208840472E-30 41.25263852921376 42.0 109 0 7266.954583869028 200.0 10.0 0.3000000000000001
3.1554436208840472E-30 41.65695202107158 42.0 90 0 7610.0254428980625 200.0 10.0 0.3100000000000001
3.1554436208840472E-30 31.84051599887362 42.0 76 0 3240.040695617541 200.0 10.0 0.3200000000000001
3.1554436208840472E-30 29.744851763684046 42.0 81 0 3685.558536294617 200.0 10.0 0.3300000000000001
3.1554436208840472E-30 38.21216617887104 42.0 74 0 6400.23053342219 200.0 10.0 0.34000000000000014
3.1554436208840472E-30 36.15838203586085 42.0 78 0 4697.2604726894715 200.0 10.0 0.35000000000000014
3.1554436208840472E-30 33.90335259693678 42.0 100 0 3870.4161254837672 200.0 10.0 0.36000000000000015
3.1554436208840472E-30 43.20114090247373 42.0 79 0 9191.648705044 200.0 10.0 0.37000000000000016
3.1554436208840472E-30 42.57467401577988 42.0 81 0 7043.022852782018 200.0 10.0 0.38000000000000017
3.1554436208840472E-30 37.35379112956572 42.0 89 0 4086.7154889367457 200.0 10.0 0.3900000000000002
3.1554436208840472E-30 51.91600342110672 42.0 97 0 10241.624624529613 200.0 10.0 0.4000000000000002
3.1554436208840472E-30 52.56384025329532 42.0 102 0 9852.86421079269 200.0 10.0 0.4100000000000002
3.1554436208840472E-30 43.929446289183126 42.0 82 0 5127.678435229128 200.0 10.0 0.4200000000000002
3.1554436208840472E-30 40.776810425942045 42.0 90 0 4359.805323593248 200.0 10.0 0.4300000000000002
3.1554436208840472E-30 38.153919269335034 42.0 74 0 3714.1285766371416 200.0 10.0 0.4400000000000002
3.1554436208840472E-30 31.776374669898097 42.0 64 0 3233.870564628739 200.0 10.0 0.45000000000000023
3.1554436208840472E-30 30.195291259817722 42.0 79 0 3090.59874491997 200.0 10.0 0.46000000000000024
3.1554436208840472E-30 33.920409715205054 42.0 77 0 4104.046644442406 200.0 10.0 0.47000000000000025
3.1554436208840472E-30 41.32353779250707 42.0 81 0 5240.572254299472 200.0 10.0 0.48000000000000026
3.1554436208840472E-30 36.70665551697518 42.0 79 0 3989.211006268583 200.0 10.0 0.49000000000000027
3.1554436208840472E-30 32.542198291958776 42.0 65 0 3704.3865273856227 200.0 10.0 0.5000000000000002
