#bestFitness averageFitness averageUsedGeneLength time invalids varFitness aveLength aveDerivationTreeDepth SlopeMutRate
39.16117248000005 6597.058803010931 14.054945054945055 789 36 6.708811445496144E9 200.0 3.89010989010989 0.0
39.16117248000005 465.7830986000031 8.22 581 0 14535.626485291496 200.0 3.2175 0.0
34.90421248000005 393.2771601327238 11.18 207 0 18922.020228916037 200.0 3.805 0.0
34.90421248000005 332.8649827443129 14.73 192 0 22097.43886840989 200.0 4.5125 0.0
9.64181248000002 267.5052450357948 15.54 315 0 27919.131538251695 200.0 4.775 0.0
9.145492480000007 182.69541836951555 18.12 173 0 20304.527950898748 200.0 5.3125 0.01
5.7762124800000105 129.32406533558057 17.84 139 0 21375.61399104518 200.0 5.2875 0.01
5.7762124800000105 98.33229087248128 17.11 130 0 16055.927367119666 200.0 5.285 0.01
5.77621248000001 60.48206123190082 17.12 182 0 6101.411442237125 200.0 5.34 0.01
3.874132480000008 67.03194122928237 18.18 287 0 12746.025927393379 200.0 5.615 0.01
3.874132480000008 64.62655857187521 17.89 208 0 14875.624867717908 200.0 5.66 0.01
3.874132480000008 57.39683924412407 18.05 142 0 11669.115295712196 200.0 5.7425 0.01
3.874132480000008 38.643889718024035 18.44 133 0 5634.510112875941 200.0 5.7925 0.01
3.874132480000008 30.243017447161446 17.86 94 0 3557.262346521304 200.0 5.72 0.01
3.874132480000008 44.27715986413237 18.55 75 0 7289.9150172201425 200.0 5.7625 0.02
0.742932480000001 35.48519819329386 19.26 134 0 5328.594253268704 200.0 5.81 0.03
0.742932480000001 34.22527488709722 21.03 122 0 4315.332209375797 200.0 5.9525 0.01
0.742932480000001 36.311943257339315 21.79 93 0 4927.025437456868 200.0 6.015 0.01
0.742932480000001 40.086180654813674 23.14 88 0 6418.378627762505 200.0 6.0825 0.01
0.742932480000001 36.94711316715399 22.56 81 0 6336.721005896688 200.0 5.975 0.01
0.742932480000001 30.457786340071813 23.73 89 0 4088.0926872587593 200.0 6.025 0.02
0.742932480000001 19.114602647599654 23.77 103 0 1728.9387760106456 200.0 6.0025 0.03
0.742932480000001 23.49084035943283 23.77 120 0 3245.7115615706225 200.0 6.0125 0.04
0.742932480000001 25.31743572012606 23.89 139 0 2676.0111208069425 200.0 6.015 0.05
0.742932480000001 20.327969327377545 23.83 66 0 2212.137579336359 200.0 6.005 0.060000000000000005
0.742932480000001 23.694964441380773 23.58 66 0 3041.634639092843 200.0 6.0025 0.07
0.742932480000001 13.829534506361457 23.73 100 0 1155.7745782130944 200.0 6.025 0.08
0.742932480000001 29.91213383392695 23.45 49 0 5542.694530909 200.0 6.0025 0.09
0.742932480000001 17.913416367376946 23.34 67 0 1839.357133528672 200.0 6.0 0.09999999999999999
0.742932480000001 29.374199603353404 23.26 93 0 5098.656421591101 200.0 6.01 0.10999999999999999
0.742932480000001 21.86909702908893 23.47 60 0 2626.580064030537 200.0 6.0375 0.11999999999999998
0.742932480000001 14.836761676459682 23.87 73 0 1698.5236683407797 200.0 6.0625 0.12999999999999998
0.742932480000001 20.239490522716565 23.31 51 0 2776.338143945222 200.0 6.0075 0.13999999999999999
0.742932480000001 15.500454522408486 23.24 52 0 1452.7273363458416 200.0 6.0 0.15
0.742932480000001 19.641743926035335 24.16 72 0 2276.821080546468 200.0 6.1275 0.16
0.742932480000001 21.18244218038659 23.41 69 0 2247.7769845866906 200.0 6.0 0.17
0.742932480000001 19.874816134388947 23.86 51 0 1875.188153252718 200.0 6.0275 0.18000000000000002
0.742932480000001 22.273279531613 23.8 73 0 2828.9059098716475 200.0 6.0175 0.19000000000000003
0.742932480000001 19.58468720599021 24.17 39 0 1859.7136157918046 200.0 6.0475 0.20000000000000004
0.742932480000001 18.89030676098598 24.14 36 0 1671.8667148399877 200.0 6.0275 0.21000000000000005
0.7429324800000008 22.330429896321494 23.98 71 0 2390.43762570613 200.0 6.0075 0.22000000000000006
0.7429324800000008 22.718686499121645 24.13 28 0 3564.9511818910732 200.0 6.03 0.01
0.7429324800000008 27.2107134344519 24.78 54 0 4633.683593118488 200.0 6.11 0.01
0.7429324800000008 24.72142788242156 24.76 45 0 4018.45200688399 200.0 6.12 0.01
0.7429324800000008 18.14835132791313 25.16 61 0 2372.217678449924 200.0 6.1625 0.01
0.7429324800000008 22.585493787487422 26.52 83 0 2598.793569988428 200.0 6.35 0.02
0.7429324800000008 32.988832444714845 27.25 69 0 5863.409831936395 200.0 6.4225 0.03
0.7429324800000008 21.1204053916884 28.29 90 0 2504.8725460226037 200.0 6.5525 0.04
0.7429324800000008 34.714449858640016 30.55 102 0 6111.304884555199 200.0 6.83 0.05
0.7429324800000008 32.79732576246372 32.45 80 0 5416.683490430447 200.0 7.04 0.060000000000000005
0.7429324800000008 30.950530430652975 34.39 69 0 5656.659290604243 200.0 7.24 0.07
0.7429324800000008 43.47422671212601 33.47 75 0 9018.61949694642 200.0 7.145 0.08
0.7429324800000008 32.96361520466122 35.04 70 0 4503.849446144698 200.0 7.3225 0.09
0.7429324800000008 39.17717883970228 35.99 150 0 5837.099371660358 200.0 7.425 0.09999999999999999
0.7429324800000008 54.128410947862264 36.67 114 0 12930.77868353384 200.0 7.49 0.10999999999999999
0.7429324800000008 34.95730969947575 36.53 97 0 5344.4641952743195 200.0 7.485 0.11999999999999998
0.6821799032767031 29.691074123996682 37.82 90 0 4170.040153288613 200.0 7.6225 0.12999999999999998
0.6821799032767031 43.55169961528698 38.57 82 0 7796.055785583956 200.0 7.7275 0.01
0.6821799032767031 33.82046499262018 37.93 72 0 5271.8247120638425 200.0 7.6125 0.01
0.6652457944569279 34.46660247239251 40.38 190 0 5618.820801709322 200.0 7.9925 0.01
0.6125007984680596 40.756621460572326 40.97 136 0 6474.920146960607 200.0 8.0675 0.01
0.6125007984680596 44.861255252540666 41.92 117 0 7812.426714268603 200.0 8.12 0.01
0.6125007984680596 42.34739151591341 43.16 106 0 8484.900552753785 200.0 8.2875 0.01
0.6125007984680596 41.91714736307056 44.25 109 0 6622.535044109367 200.0 8.4525 0.01
0.6125007984680596 37.25253359699754 45.97 112 0 5338.161500390676 200.0 8.7225 0.01
0.6125007984680596 45.77534119608802 47.15 140 0 10493.523541557863 200.0 8.9325 0.02
0.5773886511822703 53.16557754015893 49.23 156 0 11961.349477822128 200.0 9.2025 0.03
0.5773886511822703 41.53923435157218 53.39 228 0 5971.253717264971 200.0 9.815 0.01
0.5773886511822703 59.29214592207063 55.41 188 0 11598.985995142779 200.0 10.0225 0.01
0.5773886511822703 51.05347657314067 55.85 205 0 8887.825555771118 200.0 10.1325 0.01
0.5773223798695544 41.817832071580725 56.64 336 0 6353.063062186065 200.0 10.335 0.01
0.5729658427599571 52.674672723456304 59.77 219 0 11266.19715023807 200.0 10.745 0.01
0.5729658427599571 62.4564471137965 57.93 198 0 19017.450967064313 200.0 10.3325 0.01
0.5615679605747966 57.79420476321784 57.53 165 0 13842.985960181844 200.0 10.235 0.01
0.5615679605747966 58.14032735529886 57.65 207 0 14051.133767248944 200.0 10.42 0.01
0.5615679605747966 62.88413705591958 57.56 134 0 17398.91486860937 200.0 10.39 0.01
0.5615679605747966 55.927563146030415 55.89 127 0 10168.246226468184 200.0 10.14 0.01
0.5615679605747966 64.34025345637798 54.33 99 0 16399.10437586388 200.0 9.8325 0.01
0.5615679605747966 51.422791924739926 55.43 89 0 10396.498085271834 200.0 9.8525 0.02
0.5615679605747966 66.26349356192559 53.21 162 0 16595.162386192103 200.0 9.535 0.03
0.4608049751918291 36.92342921190573 48.99 80 0 5775.113364560152 200.0 9.0525 0.04
0.4608049751918291 35.9755842219825 47.1 66 0 6120.450067316699 200.0 8.825 0.01
0.4608049751918291 39.31399546916111 48.13 74 0 6803.727773019873 200.0 9.0775 0.01
0.4608049751918291 44.38484857198828 44.59 71 0 8532.42396048202 200.0 8.6225 0.01
0.4608049751918291 51.58344877219139 46.26 62 0 9897.166260890694 200.0 8.8225 0.01
0.4608049751918291 53.68659230946462 44.64 75 0 13670.295641943807 200.0 8.6275 0.02
0.4608049751918291 48.73275978778098 43.85 73 0 11322.154281798306 200.0 8.7325 0.03
0.4608049751918291 64.81334050349669 44.88 69 0 15819.570603042293 200.0 8.9475 0.04
0.4608049751918291 46.76191140729024 47.66 72 0 7740.7043149060155 200.0 9.3125 0.05
0.4608049751918291 41.01420851060764 48.67 70 0 8276.925962330602 200.0 9.515 0.060000000000000005
0.4608049751918291 55.77243663029421 53.49 75 0 14144.974239454265 200.0 10.1325 0.07
0.4608049751918291 33.92450864896708 53.33 79 0 4106.525177410344 200.0 10.19 0.08
0.4608049751918291 71.84024207914706 51.57 93 0 28144.70507936852 200.0 9.9925 0.09
0.4608049751918291 48.86653676896369 50.87 82 0 10051.700449579335 200.0 9.685 0.09999999999999999
0.4608049751918291 65.02522325760326 47.51 77 0 14989.545691076626 200.0 9.075 0.10999999999999999
0.4608049751918291 65.38743926843718 39.99 54 0 20973.97240729681 200.0 8.27 0.11999999999999998
0.4608049751918291 37.9345479749743 40.06 71 0 5356.028423938866 200.0 8.085 0.12999999999999998
0.4608049751918291 42.116685492133804 37.44 130 0 7387.242050754741 200.0 7.735 0.13999999999999999
0.4608049751918291 39.633307263999114 38.32 58 0 8508.918708214227 200.0 7.87 0.15
0.4608049751918291 47.15963388690008 37.13 50 0 11415.76106660868 200.0 7.7175 0.16
0.4608049751918291 42.87874099021406 36.16 46 0 8619.332891350723 200.0 7.5775 0.17
