#bestFitness averageFitness averageUsedGeneLength time invalids varFitness aveLength aveDerivationTreeDepth SlopeMutRate
44.008212480000026 2773.935907169346 15.365853658536585 940 31 1.0476372028136982E9 200.0 4.084010840108401 0.0
39.16117248000005 457.9906676112735 9.99 436 0 19731.094560598136 200.0 3.475 0.0
15.389332480000029 383.4658292548977 9.79 165 0 24360.761325398013 200.0 3.5525 0.0
15.389332480000029 299.887969679857 12.86 84 0 23888.719290007557 200.0 4.2025 0.0
5.39477248000001 249.2271565624843 16.06 112 0 29465.061703024 200.0 4.9675 0.0
5.39477248000001 167.584280283766 17.14 94 0 19044.767206386856 200.0 5.33 0.01
5.39477248000001 141.3344985770716 19.7 105 0 25606.494618859975 200.0 5.715 0.01
5.39477248000001 117.04853195740243 20.71 99 0 31555.49187728604 200.0 5.9675 0.01
5.39477248000001 84.05229113131261 20.78 94 0 16938.15701228246 200.0 5.9575 0.01
5.39477248000001 59.24531220727294 19.59 129 0 7524.886651266726 200.0 5.7025 0.02
5.394772480000004 44.76771704444816 18.91 90 0 5211.133092003565 200.0 5.5425 0.03
5.394772480000004 41.852034982316454 17.58 59 0 7199.100975809992 200.0 5.435 0.01
5.394772480000004 27.39703007578144 16.64 52 0 2949.9518669027725 200.0 5.3325 0.01
5.394772480000004 26.10517443315395 15.44 46 0 3426.4874087910207 200.0 5.14 0.01
5.394772480000004 22.06618414909495 15.21 41 0 2179.553473733443 200.0 5.05 0.01
5.394772480000004 30.18698132163019 15.62 58 0 5839.44428905983 200.0 5.03 0.02
5.394772480000004 28.210215072872366 16.67 82 0 3794.8884030143927 200.0 5.06 0.03
5.394772480000004 27.277780716888557 17.34 51 0 5302.408169713108 200.0 5.0425 0.04
5.394772480000004 28.96264516223453 17.55 46 0 5937.050920526926 200.0 5.02 0.05
5.394772480000004 30.30931196102982 18.04 41 0 5352.322123484124 200.0 5.045 0.060000000000000005
5.394772480000004 25.100825422499508 17.85 44 0 3719.9420930715023 200.0 5.0 0.07
5.394772480000004 22.855946018331153 17.97 39 0 2638.608262926804 200.0 5.0025 0.08
5.394772480000004 17.97430941109677 17.99 37 0 1548.8535090444598 200.0 5.0 0.09
5.394772480000004 22.614726054339144 18.0 41 0 3299.6622788374743 200.0 5.0 0.09999999999999999
5.394772480000004 18.979366296314584 18.0 40 0 2290.9610490663367 200.0 5.0 0.10999999999999999
5.394772480000004 23.486349609496756 18.0 36 0 3237.988569508199 200.0 5.0 0.11999999999999998
5.394772480000004 20.392544543161875 18.0 52 0 2210.545619322738 200.0 5.0 0.12999999999999998
5.394772480000004 18.62757881833115 18.0 65 0 1949.1338939890452 200.0 5.0 0.13999999999999999
5.394772480000004 26.419207692146234 18.0 65 0 5460.240974460006 200.0 5.0 0.15
5.394772480000004 17.542219476329315 18.0 53 0 1654.0737119002865 200.0 5.0 0.16
5.394772480000004 14.18503654266422 18.0 63 0 687.9378264121156 200.0 5.0 0.17
5.394772480000004 28.145236526488432 18.0 108 0 5176.24030055396 200.0 5.0 0.18000000000000002
5.394772480000004 17.15457465915822 18.0 38 0 1669.603558373284 200.0 5.0 0.19000000000000003
5.394772480000004 17.46597461366513 18.0 39 0 1906.3060551655694 200.0 5.0 0.20000000000000004
5.394772480000004 13.464850017833488 18.0 52 0 812.1556125614501 200.0 5.0 0.21000000000000005
5.394772480000004 22.459345390622417 18.0 39 0 2938.4060556415666 200.0 5.0 0.22000000000000006
5.394772480000004 28.482275726488428 18.0 44 0 5650.843704288658 200.0 5.0 0.23000000000000007
5.394772480000004 24.336185343161873 18.0 57 0 3902.2412176533853 200.0 5.0 0.24000000000000007
5.394772480000004 15.855328730159131 18.0 34 0 1172.0171110055492 200.0 5.0 0.25000000000000006
5.394772480000004 16.315662358481116 18.0 48 0 1367.0732805781395 200.0 5.0 0.26000000000000006
5.394772480000004 19.1165937514986 18.0 36 0 1954.6812181494586 200.0 5.0 0.2700000000000001
5.394772480000004 26.23165241783348 18.0 62 0 3490.910393115833 200.0 5.0 0.2800000000000001
5.394772480000004 31.333561808145742 18.0 52 0 7510.054704177305 200.0 5.0 0.2900000000000001
5.394772480000004 29.19346599671529 18.0 40 0 6997.613364301575 200.0 5.0 0.3000000000000001
5.394772480000004 18.675508525990768 18.0 45 0 1842.262323711221 200.0 5.0 0.3100000000000001
5.394772480000004 18.541446801160056 18.0 38 0 1691.2446481999154 200.0 5.0 0.3200000000000001
5.394772480000004 26.48450887418851 18.0 70 0 6301.958359014035 200.0 5.0 0.3300000000000001
5.394772480000004 20.920124401160045 18.0 149 0 2519.7688250788015 200.0 5.0 0.34000000000000014
5.394772480000004 17.986229688834406 18.0 27 0 2319.3850222047954 200.0 5.0 0.35000000000000014
5.394772480000004 17.307577218331154 18.0 44 0 1723.5061557349045 200.0 5.0 0.36000000000000015
5.394772480000004 26.589744525990767 18.0 26 0 4735.175235560339 200.0 5.0 0.37000000000000016
5.394772480000004 33.04886881007689 18.0 29 0 7769.815378897624 200.0 5.0 0.38000000000000017
5.394772480000004 20.943668168669703 18.0 46 0 2563.789956250182 200.0 5.0 0.3900000000000002
5.394772480000004 22.799725921822414 18.0 38 0 3231.33074314019 200.0 5.0 0.4000000000000002
5.394772480000004 21.449346659158213 18.0 44 0 2661.3797095416403 200.0 5.0 0.4100000000000002
5.394772480000004 35.052766539501 18.0 42 0 8781.36072711618 200.0 5.0 0.4200000000000002
5.394772480000004 29.146245883853908 18.0 41 0 7021.409703345596 200.0 5.0 0.4300000000000002
5.394772480000004 32.75789673313643 18.0 27 0 8424.468620677113 200.0 5.0 0.4400000000000002
5.394772480000004 25.8161998224995 18.0 32 0 3475.1283686575043 200.0 5.0 0.45000000000000023
5.394772480000004 19.871269042484776 18.0 59 0 1840.7168877494792 200.0 5.0 0.46000000000000024
5.394772480000004 31.47041794223792 18.0 25 0 6599.204959288877 200.0 5.0 0.47000000000000025
5.394772480000004 12.885857076329328 18.0 76 0 564.9920344579207 200.0 5.0 0.48000000000000026
5.394772480000004 16.43724054266421 18.0 54 0 1542.1312451399472 200.0 5.0 0.49000000000000027
5.394772480000004 29.56013882429832 18.0 39 0 8489.63004626709 200.0 5.0 0.5000000000000002
5.394772480000004 21.105023022499505 18.0 27 0 2346.498962992497 200.0 5.0 0.5100000000000002
5.394772480000004 19.531192588157307 18.0 36 0 2337.6767152313473 200.0 5.0 0.5200000000000002
5.394772480000004 21.105979024466947 18.0 54 0 2234.620724552004 200.0 5.0 0.5300000000000002
5.394772480000004 32.905844343986224 18.0 49 0 9081.244600993528 200.0 5.0 0.5400000000000003
5.394772480000004 21.174929343161875 18.0 27 0 2429.32964479767 200.0 5.0 0.5500000000000003
5.394772480000004 25.207162755666946 18.0 39 0 3536.442008768203 200.0 5.0 0.5600000000000003
5.394772480000004 25.593917201657714 18.0 37 0 4658.496610212413 200.0 5.0 0.5700000000000003
5.394772480000004 41.51530665230877 18.0 80 0 14297.745288536285 200.0 5.0 0.5800000000000003
5.394772480000004 14.66508214316188 18.0 71 0 692.2641067162447 200.0 5.0 0.5900000000000003
5.394772480000004 24.73885381270311 18.0 18 0 4858.733512081138 200.0 5.0 0.6000000000000003
5.394772480000004 27.44321735481042 18.0 36 0 4793.675557701177 200.0 5.0 0.6100000000000003
5.394772480000004 19.276979512638984 18.0 17 0 1595.5038747307713 200.0 5.0 0.6200000000000003
5.394772480000004 21.373693138993517 18.0 22 0 2644.9177113119613 200.0 5.0 0.6300000000000003
5.394772480000004 29.93438973532282 18.0 31 0 5661.7424326494975 200.0 5.0 0.6400000000000003
5.394772480000004 27.937840214162776 18.0 20 0 3867.9099858224076 200.0 5.0 0.6500000000000004
5.394772480000004 18.99265833212658 18.0 26 0 2077.794100259149 200.0 5.0 0.6600000000000004
5.394772480000004 24.239099725990776 18.0 24 0 3994.439629599348 200.0 5.0 0.6700000000000004
5.394772480000004 18.685177155666963 18.0 43 0 2097.6665735995057 200.0 5.0 0.6800000000000004
5.394772480000004 20.70409762666787 18.0 39 0 2446.635782746601 200.0 5.0 0.6900000000000004
5.394772480000004 21.44416027632932 18.0 30 0 2444.928242170406 200.0 5.0 0.7000000000000004
5.394772480000004 18.552393876329326 18.0 34 0 1964.4623297291096 200.0 5.0 0.7100000000000004
5.394772480000004 22.091900021145307 18.0 25 0 2546.35607768837 200.0 5.0 0.7200000000000004
5.394772480000004 28.861785805867314 18.0 25 0 6167.903123130232 200.0 5.0 0.7300000000000004
5.394772480000004 16.67855081833115 18.0 25 0 1377.5528024765515 200.0 5.0 0.7400000000000004
5.394772480000004 18.393468605328408 18.0 14 0 1910.260952350286 200.0 5.0 0.7500000000000004
5.394772480000004 21.6613382851637 18.0 23 0 2459.134408861146 200.0 5.0 0.7600000000000005
5.394772480000004 21.501947884666038 18.0 13 0 2904.51505752119 200.0 5.0 0.7700000000000005
5.394772480000004 30.85159631706269 18.0 30 0 6958.499462505918 200.0 5.0 0.7800000000000005
5.394772480000004 32.01959730102185 18.0 32 0 7581.546329867493 200.0 5.0 0.7900000000000005
5.394772480000004 27.526258707116416 18.0 14 0 4328.463421300468 200.0 5.0 0.8000000000000005
5.394772480000004 20.527558082465124 18.0 27 0 2601.2235300345837 200.0 5.0 0.8100000000000005
5.394772480000004 29.47478602997971 18.0 33 0 5956.371852983578 200.0 5.0 0.8200000000000005
5.394772480000004 28.039208622499505 18.0 24 0 4012.134242523555 200.0 5.0 0.8300000000000005
5.394772480000004 21.234551306005507 18.0 31 0 2551.385240147911 200.0 5.0 0.8400000000000005
5.394772480000004 20.696533121822412 18.0 59 0 1749.522825480698 200.0 5.0 0.8500000000000005
5.394772480000004 23.266524775652233 18.0 23 0 3681.506587848549 200.0 5.0 0.8600000000000005
5.394772480000004 20.983585184486607 18.0 32 0 2419.8810728936955 200.0 5.0 0.8700000000000006
