#bestFitness averageFitness averageUsedGeneLength time invalids varFitness aveLength aveDerivationTreeDepth SlopeMutRate
12.532372479999985 1127.8781682987167 14.195652173913043 657 32 4.917205619059685E7 200.0 3.9402173913043477 0.0
12.532372479999985 470.988397883468 8.65 347 0 15878.84350226056 200.0 3.225 0.0
12.532372479999985 393.423937567429 10.25 117 0 16580.61923196845 200.0 3.595 0.0
12.532372479999985 335.5601927871256 13.27 92 0 20241.72235108297 200.0 4.25 0.0
5.77621248000001 266.9015488673565 16.7 123 0 20961.691782858063 200.0 4.8675 0.0
5.77621248000001 227.61109017629988 19.05 133 0 24806.65782687986 200.0 5.41 0.01
5.77621248000001 175.63877932642754 18.93 181 0 24105.08849219224 200.0 5.4825 0.01
5.77621248000001 146.75250026828343 17.96 109 0 37439.581299603204 200.0 5.4275 0.01
5.77621248000001 85.06947487041327 15.94 116 0 14179.61914779843 200.0 5.1375 0.01
5.77621248000001 56.64551759791928 16.21 102 0 9630.69467305939 200.0 5.15 0.02
5.77621248000001 40.61430691589114 16.55 100 0 5273.633034635596 200.0 5.27 0.03
5.77621248000001 58.543031419356275 17.07 68 0 17481.253076363857 200.0 5.4875 0.04
5.77621248000001 27.797080309022054 17.85 55 0 3329.3255340745395 200.0 5.7125 0.05
5.77621248000001 28.463188973832562 18.53 64 0 4680.488075393419 200.0 5.9025 0.060000000000000005
5.77621248000001 29.945429214693615 19.63 150 0 6066.884204246363 200.0 6.1025 0.07
5.77621248000001 19.173326086399996 18.41 98 0 1717.6078641125202 200.0 6.025 0.08
5.77621248000001 22.342802831520224 18.21 59 0 2478.4913266464096 200.0 6.015 0.09
5.77621248000001 26.360352343400532 18.21 101 0 3644.9145234292127 200.0 6.015 0.09999999999999999
4.5571199999999985 24.59353729920001 18.21 57 0 2630.153149944737 200.0 6.015 0.10999999999999999
4.5571199999999985 21.02586161831237 18.21 51 0 2346.366367591231 200.0 6.015 0.01
4.5571199999999985 20.965347838377205 18.58 96 0 2196.758461944819 200.0 6.04 0.01
4.5571199999999985 27.085388644430083 18.21 47 0 3643.666655196421 200.0 6.015 0.01
4.5571199999999985 19.35627389439999 18.21 76 0 1691.8008148773858 200.0 6.015 0.01
4.5571199999999985 19.874703454296323 18.0 60 0 1497.3610101472807 200.0 6.0 0.02
4.5571199999999985 17.592292998399994 18.0 55 0 1340.6448565567343 200.0 6.0 0.03
4.5571199999999985 28.564202481282358 18.0 46 0 4356.5362841444785 200.0 6.0 0.04
4.5571199999999985 26.08084625710465 18.0 43 0 4241.249743863403 200.0 6.0 0.05
4.5571199999999985 30.06623909516145 18.0 70 0 4447.550634112148 200.0 6.0 0.060000000000000005
4.5571199999999985 31.055508349803144 18.0 77 0 6097.006528624712 200.0 6.0 0.07
4.5571199999999985 36.25264285264786 18.0 60 0 8371.601612933191 200.0 6.0 0.08
3.2926924799999933 30.814847654683405 18.0 72 0 4769.133794809959 200.0 6.0 0.09
3.2926924799999933 24.43644005903491 18.0 53 0 2726.6845867003535 200.0 6.0 0.01
3.2926924799999933 35.836930216780914 18.0 79 0 8034.956865352745 200.0 6.0 0.01
3.2926924799999933 37.11835169807094 18.0 47 0 8027.570722351878 200.0 6.0 0.01
3.2926924799999933 26.872815423691936 18.0 59 0 3717.386794323717 200.0 6.0 0.01
3.2926924799999933 26.41607825549818 18.0 30 0 4368.6609580864115 200.0 6.0 0.02
3.2926924799999933 39.044972944298074 18.0 43 0 11128.704164613811 200.0 6.0 0.03
3.2926924799999933 21.12475025920001 18.0 42 0 3027.2865493380996 200.0 6.0 0.04
3.2926924799999933 19.934806434526575 18.0 36 0 2509.7190587182854 200.0 6.0 0.05
3.2926924799999933 31.786952396541892 18.0 30 0 8455.139075442166 200.0 6.0 0.060000000000000005
3.2926924799999933 35.15579933122698 18.0 71 0 9383.602999941319 200.0 6.0 0.07
3.2926924799999933 27.40715735352079 18.0 33 0 6465.591523335258 200.0 6.0 0.08
3.2926924799999933 42.04978368249854 18.0 56 0 11553.656377689515 200.0 6.0 0.09
3.2926924799999933 28.54595626912314 18.0 28 0 6986.416527597791 200.0 6.0 0.09999999999999999
3.2926924799999933 24.87381586876984 18.0 40 0 6573.869298896615 200.0 6.0 0.10999999999999999
3.2926924799999933 24.174349773979678 18.0 27 0 4457.397730096847 200.0 6.0 0.11999999999999998
3.2926924799999933 20.94102180732656 18.0 81 0 3267.748670461639 200.0 6.0 0.12999999999999998
3.2926924799999933 22.15640605945312 18.0 23 0 3909.4922269898548 200.0 6.0 0.13999999999999999
3.2926924799999906 20.559233965622887 18.0 64 0 3265.3821989626495 200.0 6.0 0.15
3.2926924799999906 37.62621715828218 18.0 26 0 12383.890561786886 200.0 6.0 0.01
3.2926924799999906 25.298576130454038 18.0 57 0 5014.871431940791 200.0 6.0 0.01
3.2926924799999906 29.085621978968316 18.0 36 0 6002.710350170895 200.0 6.0 0.01
3.2926924799999906 37.022138495967255 18.0 38 0 9374.715242939355 200.0 6.0 0.01
3.2926924799999906 32.73585420139225 18.0 51 0 9403.646267499844 200.0 6.0 0.02
3.2926924799999906 29.73460327758679 18.0 55 0 5728.57277059113 200.0 6.0 0.03
3.2926924799999906 40.83639010877535 18.0 44 0 10146.295601607384 200.0 6.0 0.04
3.2926924799999906 32.16826397297329 18.0 26 0 7038.047522213453 200.0 6.0 0.05
3.2926924799999906 22.62833116160001 18.0 34 0 3160.777810271441 200.0 6.0 0.060000000000000005
3.2926924799999906 33.08997365744553 18.0 56 0 4911.632845838207 200.0 6.0 0.07
3.2926924799999906 31.53928715974186 18.0 24 0 5147.517668529804 200.0 6.0 0.08
3.2926924799999906 27.769660595045533 18.0 27 0 4827.845220623285 200.0 6.0 0.09
3.2926924799999906 45.1341221353197 18.0 48 0 18632.322510919388 200.0 6.0 0.09999999999999999
3.2926924799999906 33.48084422400001 18.0 17 0 8577.394049220911 200.0 6.0 0.10999999999999999
3.2926924799999906 26.234083692800006 18.0 43 0 3832.2187922936164 200.0 6.0 0.11999999999999998
3.2926924799999906 25.45343425109633 18.0 53 0 4420.400370145625 200.0 6.0 0.12999999999999998
3.2926924799999906 19.69634982400001 18.0 50 0 2163.1357746600975 200.0 6.0 0.13999999999999999
3.2926924799999906 27.0719272530958 18.0 52 0 5790.324012733699 200.0 6.0 0.15
3.2926924799999906 14.794767686400002 18.0 51 0 1617.2385642711265 200.0 6.0 0.16
3.2926924799999906 22.61959248 18.0 47 0 3359.2979679888495 200.0 6.0 0.17
3.2926924799999906 30.18068539869371 18.0 46 0 6454.341254133347 200.0 6.0 0.18000000000000002
3.2926924799999906 27.062441024000005 18.0 44 0 4327.469834300963 200.0 6.0 0.19000000000000003
3.2926924799999906 25.13615691349633 18.0 80 0 4280.128689785805 200.0 6.0 0.20000000000000004
3.2926924799999906 17.35825302400001 18.0 23 0 1710.152168679231 200.0 6.0 0.21000000000000005
3.2926924799999906 23.896293817600004 18.0 25 0 3757.65210353126 200.0 6.0 0.22000000000000006
3.2926924799999906 44.94057630767816 18.0 26 0 15279.48064037004 200.0 6.0 0.23000000000000007
3.2926924799999906 22.05222725744553 18.0 53 0 3003.749000463547 200.0 6.0 0.24000000000000007
3.2926924799999906 31.714436486400007 18.0 27 0 8354.503266381618 200.0 6.0 0.25000000000000006
3.2926924799999906 29.443602065436494 18.0 38 0 7001.227342698304 200.0 6.0 0.26000000000000006
3.2926924799999906 21.260066361600007 18.0 20 0 2983.0841120030823 200.0 6.0 0.2700000000000001
3.2926924799999906 39.030945396525176 18.0 33 0 12922.56055439956 200.0 6.0 0.2800000000000001
3.2926924799999906 17.6318756928 18.0 62 0 2344.3708757967956 200.0 6.0 0.2900000000000001
3.2926924799999906 25.06961169920001 18.0 34 0 3864.261599575677 200.0 6.0 0.3000000000000001
3.2926924799999906 20.614296492800012 18.0 32 0 2732.6701719355756 200.0 6.0 0.3100000000000001
3.2926924799999906 28.269781555200005 18.0 54 0 4368.978734942765 200.0 6.0 0.3200000000000001
3.2926924799999906 21.621441030400007 18.0 29 0 2902.979188332858 200.0 6.0 0.3300000000000001
3.2926924799999906 14.404672224000002 18.0 40 0 1385.5505505363271 200.0 6.0 0.34000000000000014
3.2926924799999906 36.22171288666775 18.0 41 0 10480.143682988666 200.0 6.0 0.35000000000000014
3.2926924799999906 16.263490099200002 18.0 25 0 1697.5631437232985 200.0 6.0 0.36000000000000015
3.2926924799999906 25.763404224000002 18.0 91 0 3858.8416094868658 200.0 6.0 0.37000000000000016
3.2926924799999906 26.464281824000008 18.0 39 0 4812.498714606182 200.0 6.0 0.38000000000000017
3.2926924799999906 29.112818617600006 18.0 48 0 7573.281449036468 200.0 6.0 0.3900000000000002
3.2926924799999906 27.229095526245533 18.0 29 0 6075.2924107554545 200.0 6.0 0.4000000000000002
3.2926924799999906 19.7942783488 18.0 25 0 3226.1467880476907 200.0 6.0 0.4100000000000002
3.2926924799999906 39.685351139634676 18.0 58 0 14072.91266941887 200.0 6.0 0.4200000000000002
3.2926924799999906 29.93630395520001 18.0 24 0 6887.210460099011 200.0 6.0 0.4300000000000002
3.2926924799999906 22.5880791488 18.0 59 0 3783.5777950032398 200.0 6.0 0.4400000000000002
3.2926924799999906 18.965085279999997 18.0 18 0 3029.0566761979658 200.0 6.0 0.45000000000000023
3.2926924799999906 21.893226080000005 18.0 48 0 4902.922825209548 200.0 6.0 0.46000000000000024
3.2926924799999906 32.54390261027823 18.0 31 0 9338.981930734108 200.0 6.0 0.47000000000000025
3.2926924799999906 18.6661679488 18.0 53 0 2414.85982528622 200.0 6.0 0.48000000000000026
3.2926924799999906 27.311119161600004 18.0 24 0 4534.563201425414 200.0 6.0 0.49000000000000027
