#bestFitness averageFitness averageUsedGeneLength time invalids varFitness aveLength aveDerivationTreeDepth SlopeMutRate
78.20501248000002 1018.6026285176216 15.149051490514905 737 31 2.9370097874803267E7 200.0 4.016260162601626 0.0
32.40149248 470.6002535222134 9.14 618 0 17128.372623249536 200.0 3.335 0.0
18.409252480000013 411.73881436722183 10.46 271 0 21072.07469242014 200.0 3.6175 0.0
4.411732479999996 334.10199135923773 14.22 253 0 22295.595647594353 200.0 4.29 0.0
4.411732479999996 290.743705716718 19.75 203 0 33513.887635748026 200.0 5.205 0.0
4.411732479999996 214.51078223304313 24.47 170 0 25862.92616309568 200.0 5.9875 0.01
2.874132480000008 172.24645843910326 26.72 135 0 26488.034852725526 200.0 6.415 0.01
2.874132480000008 157.2670767654028 29.74 165 0 41619.10274016604 200.0 6.7425 0.01
0.742932480000001 100.3363594396725 31.04 112 0 13989.12621642083 200.0 6.8825 0.01
0.7429324800000008 100.4044813056324 32.95 91 0 31621.733225778713 200.0 7.06 0.01
0.7429324800000008 68.67809155097187 33.22 79 0 10709.38728864083 200.0 7.06 0.01
0.7429324800000008 52.055295801272536 34.05 90 0 5405.855314587209 200.0 7.115 0.01
0.7429324800000008 45.41499651941035 35.0 80 0 4373.821922758515 200.0 7.165 0.01
0.7429324800000008 41.904336575318204 34.73 49 0 4435.069617531006 200.0 7.1675 0.01
0.7429324800000008 39.393787098087415 35.06 62 0 4282.736991987708 200.0 7.2175 0.02
0.7429324800000008 38.012562212622726 35.78 74 0 4972.566582755787 200.0 7.34 0.03
0.7429324800000008 38.89037891019016 36.83 79 0 4157.526001191399 200.0 7.5275 0.04
0.7429324800000008 33.23752087440055 37.34 79 0 3300.153967923581 200.0 7.6575 0.05
0.7429324800000008 47.867542640406015 38.64 108 0 9559.429443538414 200.0 7.9 0.060000000000000005
0.7429324800000008 39.10494981278386 38.03 47 0 4377.959273728553 200.0 7.885 0.07
0.7429324800000008 41.19283695491896 39.11 52 0 5784.582425717637 200.0 8.0375 0.08
0.7429324800000008 55.716893743241826 39.72 53 0 15656.753250910297 200.0 8.2025 0.09
0.7429324800000008 39.90316039200421 39.37 48 0 6595.050514929531 200.0 8.21 0.09999999999999999
0.7429324800000008 44.972235030824876 40.13 49 0 9664.188974895571 200.0 8.2875 0.10999999999999999
0.7429324800000008 48.0460489730877 40.09 66 0 8491.857536732035 200.0 8.33 0.11999999999999998
0.7429324800000008 44.16281006584395 40.05 50 0 5622.279473274032 200.0 8.4025 0.12999999999999998
0.7429324800000008 56.966452940067775 40.72 57 0 17312.489268127865 200.0 8.5025 0.13999999999999999
0.7429324800000008 43.812255739628405 40.35 56 0 5946.976869031609 200.0 8.4775 0.15
0.7429324800000008 37.89794820617101 40.55 52 0 3709.5188874611417 200.0 8.4875 0.16
0.7429324800000008 50.169433544515634 41.29 40 0 10897.28018638737 200.0 8.55 0.17
0.7429324800000008 60.68419116144514 40.15 51 0 21447.766270374264 200.0 8.4175 0.18000000000000002
0.7429324800000008 55.6645594298025 40.37 58 0 12712.990282440192 200.0 8.4575 0.19000000000000003
0.7429324800000008 33.15057743522888 40.66 56 0 3977.12964558216 200.0 8.535 0.20000000000000004
0.7429324800000008 40.65052414092153 40.41 45 0 9218.943484346248 200.0 8.485 0.21000000000000005
0.7429324800000008 48.80757448989566 40.45 58 0 9579.91287687773 200.0 8.46 0.22000000000000006
0.7429324800000008 46.53104486735023 40.02 47 0 12778.325038441264 200.0 8.44 0.23000000000000007
0.7429324800000008 50.31444236798197 40.25 27 0 12450.872437750822 200.0 8.485 0.24000000000000007
0.7429324800000008 38.01992911650288 40.78 35 0 5044.564029745657 200.0 8.555 0.25000000000000006
0.7429324800000008 33.070664540308414 40.79 22 0 3700.7972663608707 200.0 8.63 0.26000000000000006
0.7429324800000008 49.665921449603594 40.68 37 0 8005.038349254341 200.0 8.63 0.2700000000000001
0.7429324800000008 54.0444717268373 40.4 34 0 15653.294948345898 200.0 8.55 0.2800000000000001
0.7429324800000008 37.92304488461988 40.15 25 0 4920.343551718493 200.0 8.525 0.2900000000000001
0.7429324800000008 50.02050235585681 40.66 28 0 10239.68003810968 200.0 8.585 0.3000000000000001
0.7429324800000008 73.75272813154024 40.2 30 0 38230.59810623387 200.0 8.52 0.3100000000000001
0.7429324800000008 44.8482761761512 40.31 33 0 6211.333942166226 200.0 8.5225 0.3200000000000001
0.7429324800000008 42.08471276398625 40.78 35 0 5014.387148283144 200.0 8.5475 0.3300000000000001
0.7429324800000008 43.67372079781334 40.47 32 0 9850.000507980865 200.0 8.53 0.34000000000000014
0.7429324800000008 50.75372285999637 40.62 37 0 16660.87872385057 200.0 8.5025 0.35000000000000014
0.7429324800000008 39.4717680416586 40.32 32 0 4720.974671373029 200.0 8.515 0.36000000000000015
0.7429324800000008 56.00616754762655 40.32 29 0 16889.92281467131 200.0 8.46 0.37000000000000016
0.7429324800000008 31.605048888598038 40.11 28 0 2934.7522155224106 200.0 8.48 0.38000000000000017
3.2047474274603605E-30 45.925099845174884 40.03 29 0 10189.598084350802 200.0 8.46 0.3900000000000002
3.2047474274603605E-30 48.2648020331952 40.3 23 0 9635.12097282848 200.0 8.4925 0.01
3.2047474274603605E-30 45.69805998873933 40.06 28 0 10639.545761906993 200.0 8.4725 0.01
3.2047474274603605E-30 51.42568770722269 39.76 29 0 18239.022162270634 200.0 8.4075 0.01
3.2047474274603605E-30 41.8810815717758 40.15 23 0 9513.770692944185 200.0 8.4575 0.01
3.2047474274603605E-30 47.61410399153022 39.71 22 0 8479.696500290132 200.0 8.3725 0.02
3.2047474274603605E-30 40.488674315893476 39.76 26 0 7276.3727878473555 200.0 8.3725 0.03
3.2047474274603605E-30 40.062679244119614 40.31 28 0 5671.733773462336 200.0 8.495 0.04
3.2047474274603605E-30 38.20198367642124 40.71 23 0 4397.525756445251 200.0 8.655 0.05
3.1554436208840472E-30 37.96783620511786 41.24 40 0 5342.031720976677 200.0 8.75 0.060000000000000005
3.1554436208840472E-30 43.443103595514415 41.44 32 0 7369.2546634912605 200.0 8.81 0.01
3.1554436208840472E-30 45.541718878723856 41.76 26 0 7059.970176118932 200.0 8.8675 0.01
3.1554436208840472E-30 32.83278662321531 41.89 35 0 3918.040748546311 200.0 8.915 0.01
3.1554436208840472E-30 26.634007489791955 41.85 24 0 2237.3015753828545 200.0 8.94 0.01
3.1554436208840472E-30 40.67927400937075 41.89 28 0 7304.356597994246 200.0 8.97 0.02
3.1554436208840472E-30 29.765900602105802 41.98 27 0 2861.088391469218 200.0 8.975 0.03
3.1554436208840472E-30 29.60160904502679 41.84 23 0 2855.787566837082 200.0 8.97 0.04
3.1554436208840472E-30 30.12461480477868 41.92 23 0 3324.294231970628 200.0 8.985 0.05
3.1554436208840472E-30 21.565885930171238 41.92 22 0 1293.9823867395098 200.0 8.985 0.060000000000000005
3.1554436208840472E-30 27.660093369229863 41.9 35 0 2101.2153284092797 200.0 8.975 0.07
3.1554436208840472E-30 34.61965273318945 41.9 34 0 5385.738438827569 200.0 8.975 0.08
3.1554436208840472E-30 38.50973820418578 41.96 22 0 5224.691396530851 200.0 8.99 0.09
3.1554436208840472E-30 35.257824422322884 41.98 24 0 4922.357134622788 200.0 8.995 0.09999999999999999
3.1554436208840472E-30 42.00254656761312 41.98 23 0 6719.544598371346 200.0 8.995 0.10999999999999999
3.1554436208840472E-30 30.2421835720507 42.0 21 0 3277.435392366872 200.0 9.0 0.11999999999999998
3.1554436208840472E-30 46.39007724247812 42.0 20 0 8618.779058036418 200.0 9.0 0.12999999999999998
3.1554436208840472E-30 40.0041151078195 42.0 31 0 5556.357738916383 200.0 9.0 0.13999999999999999
3.1554436208840472E-30 27.70293425201934 42.0 26 0 2304.114627423424 200.0 9.0 0.15
3.1554436208840472E-30 31.62343169934194 42.0 19 0 4103.053435846871 200.0 9.0 0.16
3.1554436208840472E-30 26.797501172045262 42.0 29 0 2769.739809653339 200.0 9.0 0.17
3.1554436208840472E-30 31.147527073810892 42.0 23 0 3493.757163242711 200.0 9.0 0.18000000000000002
3.1554436208840472E-30 38.91020562649864 42.0 22 0 5878.417215904209 200.0 9.0 0.19000000000000003
3.1554436208840472E-30 31.045218838177842 42.0 23 0 3903.7027350605117 200.0 9.0 0.20000000000000004
3.1554436208840472E-30 34.07078070098226 42.0 18 0 4209.54832115802 200.0 9.0 0.21000000000000005
3.1554436208840472E-30 40.83607405846623 42.0 23 0 7944.477159651247 200.0 9.0 0.22000000000000006
3.1554436208840472E-30 35.88996367683285 42.0 24 0 4136.77174217959 200.0 9.0 0.23000000000000007
3.1554436208840472E-30 35.4231395602064 42.0 18 0 4736.0856420680075 200.0 9.0 0.24000000000000007
3.1554436208840472E-30 34.74040402236955 42.0 27 0 3949.2381890114275 200.0 9.0 0.25000000000000006
3.1554436208840472E-30 29.566411578966104 42.0 27 0 2298.7473080611753 200.0 9.0 0.26000000000000006
3.1554436208840472E-30 40.65993658577438 42.0 29 0 5978.5651213863 200.0 9.0 0.2700000000000001
3.1554436208840472E-30 31.7518128674883 42.0 21 0 3716.575501155087 200.0 9.0 0.2800000000000001
3.1554436208840472E-30 30.08642445006778 42.0 23 0 3266.926181240907 200.0 9.0 0.2900000000000001
3.1554436208840472E-30 26.246365065216256 42.0 20 0 2294.990211844556 200.0 9.0 0.3000000000000001
3.1554436208840472E-30 37.23642081004874 42.0 23 0 6577.343949428377 200.0 9.0 0.3100000000000001
3.1554436208840472E-30 49.64666952109678 42.0 18 0 10392.278490623827 200.0 9.0 0.3200000000000001
3.1554436208840472E-30 45.66963906672289 42.0 22 0 8076.0794176466425 200.0 9.0 0.3300000000000001
3.1554436208840472E-30 50.10081282854548 42.0 18 0 11795.945627518093 200.0 9.0 0.34000000000000014
3.1554436208840472E-30 31.495364536162935 42.0 16 0 3273.5465560866696 200.0 9.0 0.35000000000000014
3.1554436208840472E-30 41.22330165353433 42.0 22 0 7135.065815546364 200.0 9.0 0.36000000000000015
3.1554436208840472E-30 38.00304871931739 42.0 23 0 6170.025116939247 200.0 9.0 0.37000000000000016
